# t, A_N, B_N, C_N, D_N, E_N, 
# Group population counts.
0, 5080, 5090, 5060, 5110, 5060


# Group infected counts.
0, 24, 0, 0, 0, 0
1, 25, 0, 0, 0, 0
2, 28, 0, 0, 0, 0
3, 32, 0, 0, 0, 0
4, 36, 0, 0, 0, 0
5, 44, 0, 0, 0, 0
6, 58, 0, 0, 0, 0
7, 69, 0, 0, 0, 0
8, 73, 0, 0, 0, 0
9, 85, 0, 0, 0, 0
10, 96, 0, 0, 0, 0
11, 104, 0, 0, 0, 0
12, 115, 0, 0, 0, 0
13, 129, 0, 0, 0, 0
14, 141, 0, 0, 0, 0
15, 153, 0, 0, 0, 0
16, 182, 0, 0, 0, 0
17, 205, 0, 0, 0, 0
18, 217, 1, 0, 0, 0
19, 235, 1, 0, 0, 0
20, 267, 1, 0, 0, 0
21, 303, 1, 0, 0, 0
22, 329, 3, 0, 0, 0
23, 359, 5, 0, 0, 0
24, 391, 5, 0, 0, 0
25, 438, 7, 0, 0, 0
26, 457, 9, 0, 0, 0
27, 499, 11, 0, 0, 0
28, 535, 14, 0, 0, 0
29, 578, 13, 0, 0, 0
30, 635, 15, 0, 0, 0
31, 681, 16, 0, 0, 0
32, 712, 15, 0, 0, 0
33, 750, 12, 0, 0, 0
34, 773, 15, 0, 0, 0
35, 825, 14, 0, 0, 0
36, 853, 13, 0, 0, 0
37, 871, 14, 0, 0, 0
38, 907, 18, 0, 0, 0
39, 928, 19, 0, 0, 0
40, 962, 21, 0, 0, 0
41, 983, 19, 0, 0, 0
42, 986, 19, 0, 0, 0
43, 1001, 20, 0, 0, 0
44, 1017, 26, 0, 0, 0
45, 1009, 36, 0, 0, 1
46, 997, 48, 0, 0, 1
47, 1018, 59, 0, 0, 1
48, 1000, 61, 1, 0, 1
49, 981, 66, 2, 0, 1
50, 965, 78, 3, 0, 1
51, 956, 89, 3, 0, 4
52, 889, 108, 3, 0, 4
53, 863, 109, 3, 0, 7
54, 821, 125, 3, 0, 8
55, 795, 145, 4, 0, 11
56, 788, 174, 5, 0, 12
57, 769, 217, 9, 0, 15
58, 741, 262, 13, 0, 16
59, 716, 293, 13, 0, 17
60, 713, 312, 13, 0, 24
61, 665, 341, 17, 0, 25
62, 644, 380, 13, 0, 28
63, 611, 412, 16, 0, 29
64, 582, 442, 20, 0, 34
65, 537, 467, 25, 3, 37
66, 509, 507, 35, 4, 39
67, 482, 531, 37, 4, 44
68, 469, 586, 46, 7, 57
69, 457, 636, 56, 7, 63
70, 439, 682, 66, 9, 66
71, 424, 711, 77, 9, 70
72, 400, 768, 76, 8, 81
73, 370, 827, 84, 7, 95
74, 354, 876, 100, 11, 112
75, 327, 895, 99, 11, 118
76, 314, 911, 98, 15, 129
77, 296, 938, 106, 15, 149
78, 281, 948, 118, 20, 171
79, 257, 982, 130, 23, 188
80, 242, 1005, 142, 27, 201
81, 239, 1020, 170, 28, 241
82, 231, 1029, 186, 31, 255
83, 215, 1054, 193, 39, 277
84, 210, 1057, 208, 42, 300
85, 195, 1040, 223, 45, 331
86, 183, 1003, 236, 53, 363
87, 165, 981, 262, 77, 410
88, 150, 955, 284, 94, 440
89, 147, 934, 304, 105, 470
90, 142, 924, 345, 129, 504
91, 133, 881, 383, 159, 550
92, 120, 854, 421, 179, 566
93, 117, 844, 432, 204, 604
94, 112, 823, 480, 233, 638
95, 103, 779, 525, 264, 669
96, 94, 739, 576, 287, 692
97, 86, 713, 632, 324, 711
98, 81, 679, 707, 349, 748
99, 77, 657, 762, 396, 789
100, 73, 614, 798, 422, 824
101, 74, 576, 849, 450, 849
102, 60, 551, 869, 501, 888
103, 51, 526, 874, 546, 937
104, 46, 491, 915, 608, 952
105, 45, 464, 938, 648, 969
106, 40, 428, 980, 724, 995
107, 36, 406, 995, 766, 999
108, 34, 392, 1008, 801, 992
109, 32, 381, 1013, 836, 976
110, 29, 366, 1021, 897, 966
111, 26, 356, 1036, 932, 950
112, 26, 341, 1060, 989, 938
113, 24, 324, 1029, 996, 934
114, 22, 303, 1001, 1015, 942
115, 21, 287, 986, 1044, 909
116, 20, 264, 974, 1050, 877
117, 20, 240, 954, 1052, 834
118, 18, 224, 926, 1069, 815
119, 19, 210, 898, 1073, 800
120, 19, 203, 872, 1058, 776
121, 17, 193, 843, 1043, 749
122, 15, 184, 831, 1033, 720
123, 14, 173, 813, 999, 705
124, 12, 161, 776, 983, 686
125, 12, 151, 736, 947, 663
126, 12, 145, 690, 910, 612
127, 12, 137, 664, 881, 585
128, 12, 133, 639, 846, 554
129, 11, 126, 608, 809, 532
130, 10, 114, 578, 781, 504
131, 10, 108, 548, 746, 480
132, 10, 99, 514, 730, 466
133, 9, 87, 490, 711, 432
134, 8, 78, 472, 665, 406
135, 6, 76, 439, 636, 386
136, 6, 68, 416, 590, 361
137, 6, 60, 391, 564, 339
138, 4, 58, 363, 538, 325
139, 3, 55, 354, 514, 302
140, 3, 47, 328, 495, 298
141, 2, 45, 314, 480, 273
142, 2, 42, 295, 445, 252
143, 1, 37, 273, 420, 241
144, 1, 32, 264, 406, 224
145, 1, 32, 246, 390, 202
146, 0, 27, 236, 365, 190
147, 0, 27, 224, 347, 172
148, 0, 25, 213, 326, 163
149, 0, 26, 197, 299, 156
150, 0, 24, 177, 273, 145
151, 0, 23, 165, 264, 135
152, 0, 21, 149, 251, 117
153, 0, 22, 135, 232, 106
154, 0, 20, 129, 223, 103
155, 0, 21, 114, 208, 96
156, 0, 19, 102, 194, 88
157, 0, 18, 93, 180, 74
158, 0, 15, 85, 170, 66
159, 0, 15, 81, 163, 55
160, 0, 14, 73, 148, 50
161, 0, 14, 65, 140, 48
162, 0, 14, 57, 127, 45
163, 0, 14, 53, 119, 38
164, 0, 13, 46, 112, 35
165, 0, 12, 45, 101, 33
166, 0, 11, 45, 91, 32
167, 0, 9, 44, 75, 29
168, 0, 9, 40, 71, 25
169, 0, 8, 34, 70, 24
170, 0, 9, 32, 65, 18
171, 0, 8, 29, 59, 18
172, 0, 7, 27, 55, 19
173, 0, 7, 24, 54, 20
174, 0, 7, 25, 51, 20
175, 0, 5, 24, 49, 15
176, 0, 5, 23, 45, 14
177, 0, 5, 24, 44, 14
178, 0, 5, 24, 44, 13
179, 0, 5, 21, 46, 12
180, 0, 4, 18, 41, 12
181, 0, 4, 17, 40, 12
182, 0, 3, 16, 39, 12
183, 0, 3, 15, 38, 12
184, 0, 3, 15, 35, 12
185, 0, 3, 15, 31, 12
186, 0, 3, 14, 27, 12
187, 0, 3, 12, 26, 12
188, 0, 2, 10, 24, 13
189, 0, 1, 9, 23, 12
190, 0, 1, 9, 19, 9
191, 0, 1, 10, 18, 8
192, 0, 1, 10, 20, 9
193, 0, 1, 10, 19, 8
194, 0, 1, 9, 18, 7
195, 0, 1, 8, 17, 6
196, 0, 1, 7, 17, 6
197, 0, 1, 5, 18, 5
198, 0, 0, 5, 15, 4
199, 0, 0, 4, 13, 4
200, 0, 0, 4, 12, 3
201, 0, 0, 4, 10, 2
202, 0, 0, 4, 10, 2
203, 0, 0, 4, 9, 2
204, 0, 0, 5, 9, 2
205, 0, 0, 5, 9, 2
206, 0, 0, 5, 9, 2
207, 0, 0, 5, 7, 1
208, 0, 0, 5, 6, 1
209, 0, 0, 4, 7, 1
210, 0, 0, 3, 5, 1
211, 0, 0, 3, 6, 1
212, 0, 0, 2, 6, 1
213, 0, 0, 2, 5, 2
214, 0, 0, 3, 4, 2
215, 0, 0, 2, 4, 2
216, 0, 0, 2, 4, 1
217, 0, 0, 1, 4, 1
218, 0, 0, 1, 4, 0
219, 0, 0, 1, 3, 0
220, 0, 0, 1, 2, 0
221, 0, 0, 1, 1, 0
222, 0, 0, 1, 1, 0
223, 0, 0, 1, 1, 0
224, 0, 0, 1, 0, 0
225, 0, 0, 1, 0, 0
226, 0, 0, 1, 0, 0
227, 0, 0, 1, 0, 0
228, 0, 0, 1, 0, 0
229, 0, 0, 1, 0, 0
230, 0, 0, 1, 0, 0
231, 0, 0, 1, 0, 0
232, 0, 0, 1, 0, 0
233, 0, 0, 1, 0, 0
234, 0, 0, 1, 0, 0
235, 0, 0, 1, 0, 0
236, 0, 0, 1, 0, 0
237, 0, 0, 1, 0, 0
238, 0, 0, 1, 0, 0
239, 0, 0, 1, 0, 0
240, 0, 0, 1, 0, 0
241, 0, 0, 1, 0, 0
242, 0, 0, 1, 0, 0
243, 0, 0, 1, 0, 0
244, 0, 0, 1, 0, 0
245, 0, 0, 1, 0, 0
246, 0, 0, 0, 0, 0
247, 0, 0, 0, 0, 0
248, 0, 0, 0, 0, 0
249, 0, 0, 0, 0, 0
250, 0, 0, 0, 0, 0
251, 0, 0, 0, 0, 0
252, 0, 0, 0, 0, 0
253, 0, 0, 0, 0, 0
254, 0, 0, 0, 0, 0
255, 0, 0, 0, 0, 0
256, 0, 0, 0, 0, 0
257, 0, 0, 0, 0, 0
258, 0, 0, 0, 0, 0
259, 0, 0, 0, 0, 0
260, 0, 0, 0, 0, 0
261, 0, 0, 0, 0, 0
262, 0, 0, 0, 0, 0
263, 0, 0, 0, 0, 0
264, 0, 0, 0, 0, 0
265, 0, 0, 0, 0, 0
266, 0, 0, 0, 0, 0
267, 0, 0, 0, 0, 0
268, 0, 0, 0, 0, 0
269, 0, 0, 0, 0, 0
270, 0, 0, 0, 0, 0
271, 0, 0, 0, 0, 0
272, 0, 0, 0, 0, 0
273, 0, 0, 0, 0, 0
274, 0, 0, 0, 0, 0
275, 0, 0, 0, 0, 0
276, 0, 0, 0, 0, 0
277, 0, 0, 0, 0, 0
278, 0, 0, 0, 0, 0
279, 0, 0, 0, 0, 0
280, 0, 0, 0, 0, 0
281, 0, 0, 0, 0, 0
282, 0, 0, 0, 0, 0
283, 0, 0, 0, 0, 0
284, 0, 0, 0, 0, 0
285, 0, 0, 0, 0, 0
286, 0, 0, 0, 0, 0
287, 0, 0, 0, 0, 0
288, 0, 0, 0, 0, 0
289, 0, 0, 0, 0, 0
290, 0, 0, 0, 0, 0
291, 0, 0, 0, 0, 0
292, 0, 0, 0, 0, 0
293, 0, 0, 0, 0, 0
294, 0, 0, 0, 0, 0
295, 0, 0, 0, 0, 0
296, 0, 0, 0, 0, 0
297, 0, 0, 0, 0, 0
298, 0, 0, 0, 0, 0
299, 0, 0, 0, 0, 0
300, 0, 0, 0, 0, 0
301, 0, 0, 0, 0, 0
302, 0, 0, 0, 0, 0
303, 0, 0, 0, 0, 0
304, 0, 0, 0, 0, 0
305, 0, 0, 0, 0, 0
306, 0, 0, 0, 0, 0
307, 0, 0, 0, 0, 0
308, 0, 0, 0, 0, 0
309, 0, 0, 0, 0, 0
310, 0, 0, 0, 0, 0
311, 0, 0, 0, 0, 0
312, 0, 0, 0, 0, 0
313, 0, 0, 0, 0, 0
314, 0, 0, 0, 0, 0
315, 0, 0, 0, 0, 0
316, 0, 0, 0, 0, 0
317, 0, 0, 0, 0, 0
318, 0, 0, 0, 0, 0
319, 0, 0, 0, 0, 0
320, 0, 0, 0, 0, 0
321, 0, 0, 0, 0, 0
322, 0, 0, 0, 0, 0
323, 0, 0, 0, 0, 0
324, 0, 0, 0, 0, 0
325, 0, 0, 0, 0, 0
326, 0, 0, 0, 0, 0
327, 0, 0, 0, 0, 0
328, 0, 0, 0, 0, 0
329, 0, 0, 0, 0, 0
330, 0, 0, 0, 0, 0
331, 0, 0, 0, 0, 0
332, 0, 0, 0, 0, 0
333, 0, 0, 0, 0, 0
334, 0, 0, 0, 0, 0
335, 0, 0, 0, 0, 0
336, 0, 0, 0, 0, 0
337, 0, 0, 0, 0, 0
338, 0, 0, 0, 0, 0
339, 0, 0, 0, 0, 0
340, 0, 0, 0, 0, 0
341, 0, 0, 0, 0, 0
342, 0, 0, 0, 0, 0
343, 0, 0, 0, 0, 0
344, 0, 0, 0, 0, 0
345, 0, 0, 0, 0, 0
346, 0, 0, 0, 0, 0
347, 0, 0, 0, 0, 0
348, 0, 0, 0, 0, 0
349, 0, 0, 0, 0, 0
350, 0, 0, 0, 0, 0
351, 0, 0, 0, 0, 0
352, 0, 0, 0, 0, 0
353, 0, 0, 0, 0, 0
354, 0, 0, 0, 0, 0
355, 0, 0, 0, 0, 0
356, 0, 0, 0, 0, 0
357, 0, 0, 0, 0, 0
358, 0, 0, 0, 0, 0
359, 0, 0, 0, 0, 0
360, 0, 0, 0, 0, 0
361, 0, 0, 0, 0, 0
362, 0, 0, 0, 0, 0
363, 0, 0, 0, 0, 0
