# _SOMALILAND (0)
512.67 502.80
516.20 505.20
517.25 505.15
526.00 502.14
527.00 505.35
526.30 508.05
524.40 509.55
519.67 509.25
512.91 505.10
512.67 502.80
512.67 502.80


# AE (1)
528.47 468.14
529.22 471.14
537.74 471.90
538.34 465.72
539.98 464.83
540.43 462.57
537.74 463.32
534.75 467.84
528.47 468.14
528.47 468.14


# AF (2)
545.85 435.38
547.22 446.15
550.65 446.91
550.97 448.84
548.51 450.89
553.08 454.58
561.97 451.39
562.68 447.60
568.27 444.11
570.42 436.02
572.02 434.30
570.36 431.41
575.77 428.06
575.08 427.09
572.58 427.25
572.35 429.55
569.00 429.51
568.94 426.45
567.86 425.16
566.04 426.81
566.10 428.32
563.36 429.36
558.30 429.04
551.73 435.92
545.85 435.38
545.85 435.38


# AL (3)
450.68 420.44
450.68 424.42
451.82 426.57
452.64 426.48
454.05 423.91
453.23 422.76
452.91 419.92
451.82 418.91
450.68 420.44
450.68 420.44


# AM (4)
507.47 420.55
511.62 425.96
510.40 427.39
507.46 426.88
503.82 423.61
504.01 421.46
507.47 420.55
507.47 420.55


# AO (5)
437.37 547.46
440.31 558.46
440.24 561.94
435.93 566.58
435.29 574.10
451.88 574.25
457.28 576.20
461.73 575.62
459.13 572.37
459.14 563.09
464.24 562.87
464.24 559.25
460.10 559.08
459.27 550.51
457.53 550.53
456.58 549.68
455.56 549.73
454.19 552.38
448.94 552.38
447.72 551.15
448.08 549.42
446.64 547.32
437.37 547.46
437.37 547.46


# AO (6)
435.58 544.45
437.08 546.41
439.03 544.56
438.45 542.66
437.97 542.62
435.58 544.45
435.58 544.45


# AR (7)
279.05 600.61
280.73 602.18
274.36 611.65
272.12 614.13
272.89 624.94
277.81 630.92
273.68 638.13
270.55 639.48
266.97 639.48
267.97 645.10
262.38 647.02
263.72 651.75
260.37 662.45
264.51 665.83
262.27 671.35
258.47 677.32
260.48 681.49
255.56 682.27
251.53 677.32
250.86 661.89
244.60 635.68
246.49 626.52
242.47 614.81
245.15 599.60
247.61 596.67
247.00 594.45
250.17 591.56
257.22 592.04
261.16 596.25
265.72 596.33
270.39 599.18
269.01 602.40
269.34 605.65
275.95 605.34
279.05 600.61
279.05 600.61


# AR (8)
264.74 687.56
264.97 692.52
268.77 692.18
272.02 690.03
266.54 688.91
264.74 687.56
264.74 687.56


# AT (9)
430.46 403.46
429.90 404.63
430.38 405.46
432.40 405.04
434.11 405.04
435.96 406.61
439.91 405.90
442.82 404.17
443.56 403.00
443.45 401.50
440.84 399.54
437.34 399.58
437.04 401.56
433.36 403.36
430.46 403.46
430.46 403.46


# AU (10)
672.96 609.07
672.66 631.01
669.29 633.48
668.98 635.64
673.58 638.72
684.93 636.56
690.76 636.56
692.90 633.47
705.78 631.00
714.98 633.78
714.37 637.49
715.59 641.20
722.65 639.96
722.95 641.81
718.35 645.21
719.88 646.44
723.25 645.21
722.34 655.41
728.78 660.35
732.46 659.11
734.30 660.97
745.04 659.42
755.16 643.04
758.84 642.11
766.20 628.52
768.04 616.78
763.44 610.91
765.28 609.67
761.60 598.24
757.61 595.45
758.23 580.01
754.54 577.22
753.63 568.57
751.79 568.57
745.65 588.96
742.28 589.28
734.61 581.55
738.91 570.11
730.93 568.56
722.04 571.04
719.59 578.14
715.60 579.07
715.30 574.12
699.04 584.01
699.35 587.72
696.90 591.11
690.76 591.11
677.57 596.67
672.96 609.07
672.96 609.07


# AU (11)
728.78 668.09
727.24 674.27
727.55 678.59
732.15 678.28
737.36 670.25
728.78 668.09
728.78 668.09


# AZ (12)
508.93 418.67
508.06 420.16
512.13 425.50
513.55 425.04
515.88 427.49
516.89 423.20
519.43 423.61
519.32 422.38
515.16 418.73
514.36 420.88
508.93 418.67
508.93 418.67


# BA (13)
442.71 411.08
442.39 411.61
448.19 417.59
450.32 414.46
450.24 413.23
448.38 410.97
442.71 411.08
442.71 411.08


# BD (14)
616.26 457.91
615.12 459.96
618.06 465.54
618.15 469.90
618.68 471.06
622.13 471.12
624.08 469.25
625.50 470.11
625.79 472.76
626.92 472.05
626.99 468.66
626.04 468.55
625.44 465.67
623.04 465.58
622.44 463.98
623.91 462.02
623.94 461.05
619.67 461.05
616.26 457.91
616.26 457.91


# BE (15)
414.02 391.70
413.47 393.09
419.41 397.01
419.81 397.06
420.19 395.97
421.02 395.38
419.69 393.88
418.77 393.88
417.52 392.46
414.02 391.70
414.02 391.70


# BF (16)
404.49 493.50
407.64 493.25
412.80 500.54
408.01 504.15
404.54 503.26
399.88 503.32
399.13 506.05
395.22 506.24
394.15 504.78
395.54 500.34
404.49 493.50
404.49 493.50


# BG (17)
457.09 414.07
457.23 418.37
458.68 421.40
464.14 421.49
466.59 419.75
469.00 418.79
468.42 416.04
468.96 414.58
467.73 413.93
466.05 414.07
464.72 415.41
459.17 415.45
457.09 414.07
457.09 414.07


# BI (18)
478.50 538.39
482.20 538.31
481.24 541.54
480.30 542.35
479.16 542.35
478.35 540.16
478.50 538.39
478.50 538.39


# BJ (19)
411.51 515.29
413.35 515.29
413.45 510.08
415.76 506.72
415.66 500.87
413.56 500.82
409.95 503.63
411.46 506.50
411.51 515.29
411.51 515.29


# BN (20)
689.04 515.08
686.55 518.10
688.59 518.74
689.74 517.13
689.04 515.08
689.04 515.08


# BO (21)
238.63 561.36
245.74 558.26
248.10 558.48
249.66 565.02
260.50 568.62
262.29 574.14
266.76 574.71
268.66 579.44
267.32 583.71
260.05 584.28
257.37 591.15
251.67 591.04
249.88 590.70
246.58 593.90
244.96 593.74
239.37 580.78
240.91 578.47
241.46 569.30
240.07 563.85
238.63 561.36
238.63 561.36


# BR (22)
286.63 618.46
292.03 608.07
292.23 599.34
302.31 592.84
307.96 592.84
312.39 585.33
313.19 570.91
311.38 567.06
322.06 557.31
322.47 546.55
307.95 539.44
290.42 533.96
282.16 533.15
284.38 528.48
283.78 521.38
281.97 520.78
279.30 526.09
277.90 527.84
274.30 526.25
262.21 530.51
258.18 525.44
258.83 520.14
255.03 524.01
250.83 521.75
250.40 522.34
250.41 524.18
254.03 526.13
248.60 531.86
245.16 531.83
241.69 528.29
237.76 528.41
237.27 532.61
239.53 535.35
236.86 543.88
233.75 544.12
228.80 547.25
227.59 553.40
231.89 558.00
232.67 557.11
235.69 556.30
238.27 560.64
245.64 557.47
248.50 557.64
250.47 564.61
260.99 567.95
262.81 573.52
267.28 574.05
269.42 579.37
267.98 584.10
269.86 586.57
269.58 590.25
274.63 589.78
279.26 595.62
278.89 599.72
281.63 602.04
275.06 611.99
286.63 618.46
286.63 618.46


# BS (23)
222.12 463.11
221.03 462.77
220.95 464.88
222.29 466.23
223.20 464.88
222.12 463.11
222.12 463.11


# BS (24)
224.29 466.40
222.79 467.24
224.20 469.26
224.96 468.25
224.29 466.40
224.29 466.40


# BS (25)
229.14 467.91
227.55 467.82
227.71 468.83
228.88 470.52
229.88 469.42
229.14 467.91
229.14 467.91


# BS (26)
228.39 465.90
225.79 464.80
225.29 462.19
226.30 461.76
227.30 463.79
228.30 464.55
228.39 465.90
228.39 465.90


# BS (27)
225.88 460.59
224.54 460.25
224.29 458.57
222.87 458.06
223.79 457.14
225.46 457.73
226.71 458.49
225.88 460.59
225.88 460.59


# BT (28)
616.11 453.56
617.45 455.39
621.98 455.43
621.52 452.92
616.11 453.56
616.11 453.56


# BW (29)
454.56 594.59
456.42 595.16
456.16 600.47
458.07 600.73
462.46 596.77
467.73 597.34
469.13 593.80
475.80 587.70
467.79 578.48
467.69 576.97
466.80 576.71
464.38 578.95
458.07 579.10
457.18 586.97
454.70 587.54
454.56 594.59
454.56 594.59


# BY (30)
456.42 382.86
457.71 385.00
457.20 386.70
457.28 388.05
457.76 389.66
460.44 388.14
463.77 388.23
466.10 389.19
472.02 389.19
473.75 385.05
474.79 383.48
474.79 382.44
471.07 377.21
467.79 375.90
465.11 375.60
462.77 376.34
462.86 378.69
459.62 382.79
456.42 382.86
456.42 382.86


# BZ (31)
191.82 483.23
191.78 486.38
192.51 486.38
194.98 481.77
193.30 481.77
191.82 483.23
191.82 483.23


# CA (32)
151.77 281.18
153.49 283.78
154.35 287.26
158.66 288.34
161.67 285.09
164.26 286.40
171.58 287.04
176.75 284.87
177.61 292.03
180.63 292.03
180.63 289.00
183.65 289.21
191.18 298.11
196.14 301.14
193.55 305.26
194.63 306.35
204.31 308.30
204.52 312.64
207.11 313.07
207.76 306.56
211.85 305.48
214.86 310.04
221.32 313.07
224.55 313.72
226.70 311.12
226.92 306.99
230.79 304.61
232.08 308.08
228.63 314.16
229.06 317.19
231.00 314.16
234.87 310.68
235.09 306.13
232.94 302.65
233.59 299.84
238.76 297.23
241.12 298.97
241.56 314.16
245.21 310.91
247.37 312.21
244.35 317.42
248.22 318.28
253.82 309.60
258.56 314.59
256.62 323.48
251.89 326.09
247.37 323.92
239.19 325.65
240.05 328.47
237.90 331.95
231.23 333.47
223.69 339.33
217.02 348.22
216.15 351.04
220.67 352.78
222.39 357.12
228.64 363.41
238.54 367.75
236.39 377.72
236.17 380.54
238.76 382.28
242.21 377.72
242.64 369.04
248.02 368.83
250.61 363.84
251.04 356.25
257.93 342.80
266.54 345.84
271.06 352.13
269.12 358.42
272.57 360.37
280.97 354.73
283.33 370.13
291.09 379.46
291.30 384.23
282.70 386.40
278.61 390.74
270.00 388.79
265.69 388.57
258.16 394.43
262.68 393.35
268.28 392.27
269.36 393.57
267.85 398.34
268.07 402.68
270.66 404.42
273.24 403.77
274.54 401.82
276.26 401.82
273.45 407.02
268.07 407.24
265.70 410.71
262.68 410.71
261.82 408.11
266.13 403.77
260.96 405.51
260.72 398.14
259.24 397.27
254.72 399.23
254.28 402.92
243.95 402.92
235.11 409.00
223.27 412.91
221.98 411.17
227.95 402.27
224.56 399.00
222.41 394.87
218.02 391.53
213.32 391.14
204.89 385.23
143.77 375.19
142.76 371.05
137.16 365.84
137.16 361.51
138.02 357.60
137.59 355.43
135.44 353.26
135.01 349.78
140.61 345.88
137.16 327.22
132.42 327.01
128.12 321.36
151.77 281.18
151.77 281.18


# CA (33)
130.68 350.12
129.21 352.93
129.72 354.93
130.68 355.53
130.46 356.34
129.43 356.64
129.72 359.60
130.83 360.71
131.71 359.76
130.60 356.87
131.26 354.57
132.88 352.42
131.70 350.42
130.68 350.12
130.68 350.12


# CA (34)
135.54 367.01
134.22 367.53
136.65 370.35
137.24 373.68
139.67 376.27
141.72 375.90
141.72 372.50
139.23 370.94
135.54 367.01
135.54 367.01


# CA (35)
268.15 295.83
266.62 297.38
267.96 299.51
274.29 300.28
270.26 296.02
268.15 295.83
268.15 295.83


# CA (36)
191.10 270.14
191.29 273.62
184.40 280.77
186.13 286.56
191.11 285.21
193.98 280.96
201.26 278.25
207.20 277.86
202.60 272.84
200.30 274.58
198.57 274.00
197.61 271.87
195.50 269.74
191.10 270.14
191.10 270.14


# CA (37)
200.11 259.91
198.58 262.61
206.06 265.32
208.74 261.26
209.89 263.97
211.81 263.97
215.45 259.92
211.04 258.76
209.31 257.41
207.01 259.73
200.11 259.91
200.11 259.91


# CA (38)
213.15 265.32
207.21 267.83
207.21 269.75
214.88 272.65
213.15 274.58
214.30 277.08
219.09 274.96
223.11 274.96
225.03 278.04
228.29 274.76
227.52 271.66
224.84 272.63
224.46 268.77
225.80 266.45
224.46 266.45
222.35 267.80
221.39 268.57
221.97 271.28
220.44 272.44
218.14 272.25
217.57 268.77
213.15 265.32
213.15 265.32


# CA (39)
221.01 259.33
220.43 261.26
224.07 262.99
226.74 261.45
226.55 260.29
221.01 259.33
221.01 259.33


# CA (40)
223.88 256.04
221.20 257.01
221.39 258.36
227.32 257.97
227.13 256.62
223.88 256.04
223.88 256.04


# CA (41)
236.72 259.33
236.34 260.68
235.38 262.03
235.38 263.95
239.02 263.38
242.85 266.66
244.19 266.66
244.19 263.38
240.36 259.12
236.72 259.33
236.72 259.33


# CA (42)
246.50 263.19
248.03 264.93
246.69 267.25
247.65 269.75
251.86 267.44
251.86 265.70
249.37 262.80
246.50 263.19
246.50 263.19


# CA (43)
252.05 258.75
252.24 261.84
257.42 261.84
258.76 262.99
258.57 264.34
253.97 264.92
257.23 269.36
261.64 270.13
267.77 267.43
258.95 254.10
256.27 255.84
256.46 258.15
253.39 257.00
252.05 258.75
252.05 258.75


# CA (44)
207.40 280.58
200.12 282.50
195.90 286.18
196.28 290.23
203.95 292.55
202.22 296.41
196.66 292.93
195.13 295.83
198.77 298.34
198.58 302.39
204.14 303.94
210.85 303.55
212.00 301.42
216.97 307.02
220.42 305.87
221.00 302.00
223.49 303.74
223.87 299.88
220.81 297.95
221.00 285.79
218.32 283.66
215.45 287.52
207.40 280.58
207.40 280.58


# CA (45)
230.78 289.07
228.29 287.92
226.95 289.65
229.63 293.90
229.82 297.96
235.57 294.48
235.57 289.46
237.68 287.34
235.57 285.79
232.12 285.79
230.78 289.07
230.78 289.07


# CA (46)
243.05 287.33
239.02 290.62
239.98 294.67
242.47 294.67
243.62 292.55
245.35 294.28
247.08 294.09
251.68 290.23
243.05 287.33
243.05 287.33


# CA (47)
242.66 280.96
241.70 282.88
245.92 284.43
247.07 282.69
242.66 280.96
242.66 280.96


# CA (48)
240.17 273.62
235.95 274.20
233.46 276.51
238.06 276.70
236.72 280.18
237.68 281.72
239.02 281.53
242.28 276.32
240.17 273.62
240.17 273.62


# CA (49)
247.46 272.27
245.16 273.04
245.54 276.13
249.37 278.63
249.56 280.56
248.41 281.72
248.99 285.58
263.74 290.41
267.77 291.75
271.80 288.28
267.01 284.42
262.60 285.57
256.47 284.99
254.17 282.68
253.59 276.31
249.76 274.38
247.46 272.27
247.46 272.27


# CA (50)
259.52 292.36
255.31 291.97
250.33 293.89
247.65 297.56
248.42 307.60
256.65 307.99
264.51 311.86
270.07 318.23
274.29 318.04
273.14 324.02
269.31 330.39
265.09 332.32
262.02 331.74
260.49 330.39
258.19 333.48
259.15 336.56
262.41 336.75
266.44 334.82
269.89 343.71
278.51 349.31
284.45 341.78
279.47 333.67
282.35 330.39
286.38 337.15
293.66 330.78
292.32 327.88
287.34 329.43
283.89 319.96
287.15 314.56
280.63 307.61
276.99 310.12
273.54 302.59
266.26 303.56
264.35 294.48
258.41 298.54
257.83 303.56
254.57 303.56
254.95 299.11
259.52 292.36
259.52 292.36


# CA (51)
262.02 274.01
262.02 275.74
257.80 276.71
258.95 278.64
263.74 280.57
269.11 281.15
272.94 283.85
276.77 281.72
274.09 279.02
277.54 279.02
279.65 276.70
284.82 275.93
284.82 274.78
281.95 272.85
282.33 270.72
290.37 272.07
302.26 267.44
297.85 266.09
299.00 264.54
308.20 264.54
309.73 262.99
291.13 256.42
286.72 254.88
281.94 258.35
276.57 253.91
273.69 253.72
273.11 257.40
269.47 254.11
265.25 255.46
266.02 257.59
272.35 258.94
271.97 262.02
275.42 264.15
283.86 262.02
284.05 264.92
277.15 268.20
272.93 264.92
269.10 265.31
272.93 270.72
271.01 271.69
268.14 269.18
266.03 270.53
267.95 274.19
271.20 274.19
270.44 277.67
267.76 277.28
264.31 273.60
262.02 274.01
262.02 274.01


# CA (52)
244.94 327.16
241.28 331.76
241.06 336.82
244.26 334.98
248.14 334.98
250.88 337.51
253.39 335.44
244.94 327.16
244.94 327.16


# CA (53)
289.47 386.98
280.33 395.72
281.25 397.80
292.43 401.94
294.03 399.18
293.12 394.58
289.46 395.04
287.40 392.74
290.82 389.29
289.47 386.98
289.47 386.98


# CD (54)
438.02 546.60
446.93 546.44
448.74 549.01
448.67 550.90
449.34 551.51
453.77 551.51
455.04 549.01
456.84 549.01
457.58 549.75
460.06 549.68
460.79 558.39
465.08 558.53
465.08 559.21
476.60 564.40
477.14 565.42
479.55 565.42
479.28 561.77
474.92 559.68
475.19 556.91
477.07 552.52
481.36 552.38
477.67 540.15
477.74 534.96
483.57 525.85
483.63 524.57
482.76 524.09
482.80 521.62
481.73 521.53
480.66 520.16
463.07 519.37
459.85 522.51
454.57 519.03
452.71 520.17
451.36 531.52
448.02 534.10
447.02 536.38
447.20 539.76
441.18 544.68
439.58 543.95
439.80 544.89
438.02 546.60
438.02 546.60


# CF (55)
443.45 519.23
447.48 523.59
449.07 521.53
451.60 521.63
452.15 519.63
454.64 518.07
459.80 521.63
462.79 518.68
474.36 519.19
463.62 508.10
465.07 507.21
465.27 505.25
462.83 504.10
459.25 504.10
453.48 509.82
453.29 512.17
448.71 512.02
448.57 513.03
445.58 512.72
442.90 517.83
443.45 519.23
443.45 519.23


# CG (56)
439.42 526.55
439.37 527.81
443.50 527.91
443.65 538.64
439.87 538.53
437.68 536.83
435.99 537.78
435.91 538.26
436.79 538.68
437.04 540.89
434.70 542.89
435.20 543.95
437.79 541.94
439.03 541.94
439.43 543.14
441.07 543.84
446.34 539.38
446.24 536.12
447.34 533.47
450.72 530.96
451.63 522.48
449.22 522.49
446.44 526.30
439.42 526.55
439.42 526.55


# CH (57)
423.79 402.82
420.02 406.83
420.09 407.24
421.64 406.75
423.03 408.69
425.39 407.86
427.01 409.12
427.68 408.74
429.68 405.60
429.17 405.11
427.19 405.06
426.23 403.10
423.79 402.82
423.79 402.82


# CI (58)
388.48 521.56
392.18 518.95
396.78 518.14
401.47 519.15
399.08 515.53
398.38 513.32
399.08 506.77
394.89 506.97
392.99 505.16
388.99 505.26
387.09 505.56
387.29 509.99
386.29 510.40
385.09 512.61
388.18 516.23
388.48 521.56
388.48 521.56


# CL (59)
261.39 683.51
257.70 691.62
264.07 692.29
264.18 686.89
261.39 683.51
261.39 683.51


# CL (60)
260.14 682.24
257.36 685.31
257.02 688.91
251.66 685.87
245.95 677.65
244.27 674.71
246.63 671.67
246.40 667.84
243.72 666.72
241.59 665.15
242.04 663.00
244.84 662.21
245.40 649.83
241.04 647.35
238.20 582.87
238.93 581.59
244.50 594.43
246.28 594.46
246.86 596.51
244.49 599.38
241.77 614.83
245.64 626.72
243.85 635.73
250.16 662.22
250.83 677.71
255.35 682.93
260.14 682.24
260.14 682.24


# CL (61)
241.72 649.83
240.60 651.52
241.16 654.45
242.28 654.56
242.84 650.84
241.72 649.83
241.72 649.83


# CM (62)
428.03 519.43
430.81 521.99
430.61 525.95
445.88 525.59
447.13 524.19
442.75 519.48
442.10 517.78
444.89 512.57
442.99 509.11
441.40 508.26
441.40 506.50
443.24 505.30
443.35 499.84
441.89 499.67
441.86 502.54
435.45 514.51
431.52 514.71
428.84 516.56
428.03 519.43
428.03 519.43


# CN (63)
594.50 386.13
591.51 393.65
587.38 393.43
583.03 402.95
586.73 407.65
579.12 418.15
575.21 417.50
572.60 420.78
573.25 422.75
576.29 422.97
577.81 426.47
580.86 427.13
590.20 439.17
590.20 445.30
594.76 448.14
599.76 447.27
606.06 450.99
613.67 453.17
617.36 452.74
621.49 452.29
630.18 446.61
633.01 447.05
634.09 449.61
636.48 450.33
639.74 455.14
637.57 459.96
638.88 463.24
642.57 464.55
643.22 468.50
647.57 468.94
648.21 466.96
654.51 463.68
658.42 463.90
662.98 468.93
666.03 467.61
667.98 467.83
668.85 470.24
670.38 470.46
672.54 467.40
681.23 464.11
689.06 454.70
691.67 445.73
691.45 439.81
688.19 439.16
690.14 436.97
689.71 433.47
681.45 425.16
681.45 421.00
683.84 417.94
686.23 416.84
686.44 414.43
680.36 414.43
679.27 417.71
676.44 417.06
672.97 413.34
675.14 407.65
678.18 404.36
681.01 404.58
680.57 409.61
682.09 410.93
685.78 407.21
687.09 406.99
686.66 404.15
690.13 399.99
692.74 400.21
694.26 395.39
696.05 394.45
696.23 391.45
694.50 389.64
694.35 384.90
697.68 384.68
697.46 372.47
695.13 373.87
694.27 377.00
690.37 376.99
679.07 370.64
670.91 360.80
662.63 360.71
660.52 362.55
663.20 368.68
662.27 374.44
658.93 375.82
657.06 375.68
656.92 381.37
658.87 381.82
662.35 380.29
666.91 382.47
666.91 384.66
663.65 384.88
661.04 390.56
658.66 390.78
650.18 401.94
641.28 405.88
635.20 406.32
631.07 403.48
625.20 406.55
618.90 404.57
617.38 400.42
606.74 399.76
601.09 390.57
598.71 390.57
596.79 386.31
594.50 386.13


# CN (64)
671.80 472.65
669.74 473.23
668.25 475.07
669.49 477.48
671.30 477.64
673.37 475.81
673.86 473.40
671.80 472.65
671.80 472.65


# CO (65)
234.33 498.25
232.54 498.07
220.77 507.78
219.53 511.19
217.92 511.37
218.64 518.92
214.53 528.99
218.99 532.76
224.71 533.13
228.63 538.88
234.33 539.07
234.15 543.38
236.29 543.38
238.60 535.47
236.46 532.78
236.99 527.75
241.46 527.38
240.92 515.69
230.93 512.46
228.61 506.17
234.33 498.25
234.33 498.25


# CR (66)
202.90 502.74
204.11 505.10
205.08 506.39
203.77 510.29
201.26 508.53
197.17 504.78
197.17 502.30
202.90 502.74
202.90 502.74


# CU (67)
205.90 469.85
205.90 470.95
210.50 471.03
212.67 469.77
213.01 470.70
217.52 471.79
221.53 475.42
220.62 476.68
220.78 478.11
224.12 478.95
227.47 477.44
228.97 475.92
226.80 474.83
215.61 468.26
211.69 467.83
205.90 469.85
205.90 469.85


# CV (68)
350.01 490.26
348.37 491.21
349.54 492.15
350.95 491.44
350.01 490.26
350.01 490.26


# CV (69)
354.05 492.17
352.97 493.12
353.74 494.52
355.57 493.70
354.05 492.17
354.05 492.17


# CV (70)
351.70 494.84
350.33 495.66
351.81 497.64
352.98 497.02
351.70 494.84
351.70 494.84


# CY (71)
484.55 437.79
485.62 438.57
482.32 441.68
480.75 441.63
479.58 440.81
479.74 439.28
482.12 439.13
484.55 437.79
484.55 437.79


# CZ (72)
437.20 398.92
439.77 398.92
441.03 398.92
443.08 400.38
446.88 397.23
443.19 394.60
439.54 392.83
437.05 393.28
433.66 395.46
437.20 398.92
437.20 398.92


# DE (73)
422.26 384.23
425.34 383.73
425.34 381.56
427.93 381.13
429.35 382.56
430.84 382.72
433.17 381.71
435.26 382.30
437.09 383.89
437.34 389.85
439.17 392.28
436.76 392.62
432.76 395.14
433.10 395.97
436.68 399.33
436.42 401.01
433.10 402.68
430.01 402.77
429.26 404.36
427.68 404.36
426.93 402.68
424.18 402.01
424.09 399.24
422.70 398.47
422.81 396.61
422.41 395.28
420.42 393.46
420.84 390.60
423.00 389.59
422.26 384.23
422.26 384.23


# DK (74)
427.12 370.08
423.54 374.04
423.41 376.63
425.04 380.89
427.60 380.41
427.28 376.92
429.05 374.95
429.01 373.40
427.77 370.18
427.12 370.08
427.12 370.08


# DK (75)
428.98 377.35
427.92 377.58
427.92 379.17
429.04 380.04
430.04 379.79
429.80 378.29
428.98 377.35


# DK (76)
432.31 375.85
431.36 376.08
430.30 377.05
430.75 379.00
432.04 379.51
430.71 380.04
430.45 380.73
432.46 380.73
433.06 379.63
432.29 379.25
432.54 378.29
433.46 377.08
433.21 376.04
432.31 375.85


# DJ (77)
508.99 499.77
508.50 502.67
511.92 502.62
511.97 498.35
510.72 497.58
508.99 499.77
508.99 499.77


# DM (78)
256.23 485.37
255.47 486.99
256.39 488.21
257.53 487.22
256.23 485.37
256.23 485.37


# DO (79)
242.43 481.53
237.86 478.54
234.97 477.52
234.40 483.04
234.97 482.99
235.74 484.46
236.73 483.31
239.63 482.54
242.14 483.07
242.43 481.53
242.43 481.53


# DZ (80)
424.62 435.76
421.10 434.58
406.42 437.34
403.22 439.76
405.18 449.85
399.34 450.09
395.83 455.73
387.47 457.74
387.50 461.84
415.03 482.89
419.72 483.29
435.38 471.06
433.81 469.09
430.87 468.69
429.11 465.73
429.11 453.50
427.93 452.32
428.13 449.16
425.00 446.01
424.61 442.65
425.98 441.67
425.39 438.11
424.62 435.76
424.62 435.76


# EC (81)
213.99 529.43
209.90 531.97
209.60 535.74
208.78 536.98
211.36 539.45
210.24 540.67
210.50 543.78
215.11 544.88
222.09 536.62
222.07 533.75
218.72 533.53
213.99 529.43
213.99 529.43


# EC (82)
183.53 531.44
183.00 533.82
182.00 534.82
182.69 536.05
184.44 535.36
185.28 533.90
184.74 532.36
183.53 531.44
183.53 531.44


# EE (83)
462.56 363.30
457.72 363.13
454.65 365.00
454.61 366.39
456.60 368.27
462.78 369.32
462.56 363.30
462.56 363.30


# EE (84)
452.24 364.04
450.93 364.48
452.24 364.71
452.83 365.40
453.54 364.55
452.83 363.33
452.24 364.04


# EE (85)
452.79 365.79
450.93 366.62
450.29 367.74
450.93 368.46
453.29 367.58
454.43 366.83
452.79 365.79


# EG (86)
466.16 449.22
468.47 449.28
472.96 450.53
475.10 450.59
477.74 448.38
478.98 448.38
481.23 449.62
484.07 449.62
484.58 449.59
486.38 454.76
486.89 456.42
487.37 458.92
486.52 459.54
485.06 458.81
483.37 453.31
481.85 453.20
481.74 455.07
482.75 458.30
490.85 468.33
491.02 472.63
488.66 475.35
466.50 475.10
466.16 449.22
466.16 449.22


# ER (87)
496.22 493.86
496.01 488.77
499.43 484.77
500.36 485.48
502.04 491.12
510.13 497.14
508.66 498.95
502.74 493.86
496.22 493.86
496.22 493.86


# ES (88)
402.57 416.32
391.55 416.32
389.33 415.32
388.26 415.40
386.96 418.09
387.42 420.87
391.63 421.26
392.17 423.03
390.33 433.36
390.41 435.21
393.39 436.83
396.83 437.06
403.71 435.36
407.07 431.13
407.15 426.82
413.12 421.42
413.42 419.04
407.99 418.96
402.57 416.32
402.57 416.32


# ES (89)
374.27 458.44
372.75 459.32
373.45 460.03
374.27 458.44
374.27 458.44


# ES (90)
369.01 458.61
367.13 459.08
368.07 460.50
369.48 460.50
369.01 458.61
369.01 458.61


# ES (91)
364.55 457.19
363.37 458.38
365.02 459.79
365.95 457.67
364.55 457.19
364.55 457.19


# ES (92)
413.58 426.88
412.20 427.34
412.51 428.58
414.49 428.58
415.33 427.65
413.58 426.88
413.58 426.88


# ET (93)
489.98 508.61
496.27 494.60
502.52 494.64
508.06 499.45
507.67 503.42
511.97 503.42
512.41 505.80
519.36 509.96
523.65 510.18
515.50 518.93
504.30 522.38
501.53 522.38
496.59 518.16
494.63 517.34
490.85 511.77
488.35 511.80
488.05 509.24
489.98 508.61
489.98 508.61


# FI (94)
453.07 340.20
454.86 340.99
455.97 343.06
454.86 344.50
449.31 350.57
448.36 353.77
449.63 358.40
453.91 361.60
459.61 358.88
464.21 358.24
468.49 351.37
465.32 343.86
462.30 336.67
462.78 332.03
460.88 331.71
460.38 328.33
457.83 324.16
454.99 326.12
453.88 330.68
450.87 328.87
446.68 327.85
445.75 328.94
447.36 330.39
450.29 330.34
452.65 334.15
453.07 340.20
453.07 340.20


# FK (95)
281.19 678.39
278.92 678.14
276.66 679.66
278.30 681.45
281.19 678.39
281.19 678.39


# FK (96)
283.46 677.25
282.71 679.66
280.56 681.56
280.69 682.20
284.35 680.79
285.86 678.89
283.46 677.25
283.46 677.25


# FR (97)
412.97 393.59
411.06 394.06
407.24 398.21
406.09 398.29
404.56 397.21
403.57 397.44
402.81 399.83
397.22 399.98
397.38 401.22
401.20 403.76
405.64 407.31
405.56 411.54
403.19 415.70
408.32 418.16
413.52 418.32
415.13 416.47
418.41 416.54
419.33 417.39
422.61 417.16
424.30 415.00
422.15 412.46
422.00 410.84
422.46 409.07
421.39 407.53
419.55 408.07
419.32 406.68
423.38 402.21
423.38 399.52
421.03 398.75
419.60 397.76
412.97 393.59
412.97 393.59


# FR (98)
276.16 517.28
281.22 520.44
278.58 525.69
277.62 526.90
274.81 525.29
274.89 519.63
276.16 517.28
276.16 517.28


# FR (99)
540.02 586.93
538.05 587.06
537.92 588.78
539.23 589.05
541.21 588.12
540.02 586.93
540.02 586.93


# FR (100)
516.86 562.67
517.51 564.13
518.57 564.13
519.09 562.27
516.86 562.67
516.86 562.67


# FR (101)
258.82 489.82
257.91 490.67
258.59 492.05
259.89 491.67
258.82 489.82
258.82 489.82


# FR (102)
428.04 418.02
426.35 419.71
426.20 421.25
427.57 422.10
428.11 422.02
428.41 419.78
428.04 418.02
428.04 418.02


# FR (103)
254.10 484.07
252.80 484.60
253.26 485.75
254.78 484.76
254.47 484.44
254.10 484.07
254.10 484.07


# GA (104)
435.44 526.65
435.33 528.80
430.46 528.69
427.48 534.46
434.49 542.13
436.22 540.67
436.17 539.17
434.98 538.62
434.98 537.56
437.67 535.86
440.06 537.66
442.69 537.72
442.64 528.65
438.46 528.45
438.41 526.55
435.44 526.65
435.44 526.65


# GB (105)
400.63 367.98
399.05 370.38
399.68 371.34
403.33 371.34
403.33 372.94
402.37 374.22
403.01 377.57
405.06 381.56
406.65 385.24
409.18 386.20
410.28 388.12
410.13 389.87
408.55 390.83
408.39 391.62
409.50 392.26
408.55 393.54
406.32 394.50
402.05 394.03
395.38 397.06
393.16 395.95
399.51 392.27
398.71 391.79
395.38 391.47
397.44 388.44
397.76 385.88
400.45 385.56
399.98 380.61
396.81 380.45
395.86 379.34
396.01 375.67
394.11 375.82
396.01 369.43
399.50 366.87
400.63 367.98
400.63 367.98


# GB (106)
393.97 378.69
391.12 379.01
390.96 381.57
392.87 382.85
394.92 382.38
395.72 380.94
393.97 378.69
393.97 378.69


# GE (107)
495.14 415.60
497.97 419.29
501.50 420.91
503.67 420.90
507.39 419.89
508.33 418.43
497.31 414.31
495.14 415.60
495.14 415.60


# GH (108)
399.09 513.18
400.06 515.45
402.58 519.41
403.98 519.36
407.80 517.19
407.53 504.83
404.58 503.97
400.44 504.08
399.09 513.18
399.09 513.18


# GL (109)
292.59 282.40
291.41 284.28
293.53 286.39
292.59 288.51
295.65 292.50
299.41 291.33
304.34 290.86
309.99 296.97
313.75 307.08
310.70 313.42
314.93 312.71
317.28 314.12
317.51 317.18
312.34 317.42
315.16 320.23
318.69 320.94
310.93 331.28
309.99 337.63
311.63 342.80
310.46 345.86
312.58 352.43
316.57 356.90
317.75 356.67
320.33 355.96
320.56 359.72
322.20 362.07
325.26 361.84
327.61 353.14
334.66 344.45
345.24 340.22
351.82 331.99
354.87 333.40
361.22 333.40
366.39 328.23
372.73 325.65
373.44 321.65
369.45 318.13
365.92 316.95
364.04 312.01
368.51 309.43
375.56 313.19
377.91 310.61
374.15 308.49
382.15 297.68
380.74 292.97
376.98 292.74
378.39 288.51
383.09 286.40
392.73 277.93
389.91 274.88
379.10 275.82
373.45 281.47
376.75 274.18
372.98 273.24
370.87 277.00
367.82 274.42
359.35 275.36
361.70 271.60
375.57 271.13
372.04 266.43
357.00 263.61
350.89 264.55
351.13 267.61
344.78 265.49
345.01 263.38
340.54 264.32
339.60 266.67
344.30 268.31
339.37 271.84
335.84 267.85
330.90 266.44
330.20 270.20
325.26 270.20
323.37 266.20
315.62 265.03
311.39 267.15
311.16 269.96
305.76 269.25
302.46 270.66
302.70 273.96
302.70 275.60
296.59 276.78
293.77 274.90
291.88 277.95
294.70 281.01
300.58 280.30
301.05 282.19
296.58 284.31
292.59 282.40
292.59 282.40


# GL (110)
311.40 319.07
312.80 321.18
312.10 323.77
310.69 323.77
308.80 321.65
309.27 320.01
311.40 319.07
311.40 319.07


# GL (111)
370.16 313.19
374.15 314.36
373.92 317.66
369.69 315.54
368.75 314.36
370.16 313.19
370.16 313.19


# GM (112)
366.72 497.01
366.61 497.97
372.59 497.88
372.89 496.99
372.76 496.09
371.04 496.79
366.72 497.01
366.72 497.01


# GN (113)
369.77 505.30
372.40 509.35
375.82 506.38
379.33 506.22
382.25 510.10
384.73 511.74
385.67 509.92
386.50 509.45
386.44 505.46
384.79 500.72
379.72 501.29
373.45 500.79
373.42 502.39
369.77 505.30
369.77 505.30


# GQ (114)
427.18 522.13
426.79 523.84
427.98 524.48
429.12 523.63
428.73 521.88
427.18 522.13
427.18 522.13


# GQ (115)
430.77 526.70
430.72 527.90
434.64 528.10
434.59 526.74
430.77 526.70
430.77 526.70


# GR (116)
453.00 427.21
452.91 428.36
456.91 430.38
458.82 431.11
457.82 432.17
455.59 432.39
455.27 433.40
456.04 435.14
458.54 436.47
459.63 436.57
459.77 433.59
461.40 431.61
456.94 426.34
457.53 424.55
458.58 424.51
460.17 425.79
461.17 425.29
461.49 423.50
465.22 424.03
466.35 420.79
464.40 422.17
458.67 422.03
454.94 423.96
453.00 427.21
453.00 427.21


# GR (117)
461.69 438.44
463.10 438.48
463.69 439.36
465.74 439.36
467.10 438.86
467.56 439.41
466.65 440.60
462.65 440.74
461.92 439.78
461.15 439.32
461.69 438.44
461.69 438.44


# GT (118)
183.46 491.11
188.58 494.86
193.75 488.44
192.87 487.11
191.11 487.05
191.11 483.29
189.78 482.48
185.78 483.67
187.31 487.20
183.46 491.11
183.46 491.11


# GW (119)
368.20 502.36
369.41 504.75
372.80 501.83
372.84 500.93
368.84 500.35
368.20 502.36
368.20 502.36


# GY (120)
261.40 510.65
267.64 516.31
265.16 519.18
264.96 520.88
268.22 524.24
268.14 527.47
262.47 529.63
259.07 525.04
259.80 519.53
258.35 515.42
261.40 510.65
261.40 510.65


# HN (121)
194.41 488.74
202.40 488.44
204.76 491.26
203.29 490.92
200.44 491.04
196.73 494.53
195.14 498.07
194.09 497.51
194.08 493.64
191.78 492.10
194.41 488.74
194.41 488.74


# HR (122)
443.42 407.82
440.37 410.33
437.27 410.33
436.90 412.51
438.32 412.88
439.03 411.83
440.14 412.80
441.03 415.92
447.14 418.77
447.75 418.08
441.55 411.68
442.18 410.52
448.07 410.29
448.66 408.41
444.83 408.52
443.42 407.82
443.42 407.82


# HT (123)
231.85 477.16
234.82 477.47
234.46 481.12
234.17 483.04
230.70 482.85
230.09 483.77
229.03 483.70
228.65 481.70
232.30 481.40
232.08 479.32
230.40 478.63
231.85 477.16
231.85 477.16


# HU (124)
444.39 403.01
443.38 404.58
443.46 406.99
445.06 407.81
449.98 407.95
456.83 402.18
456.87 400.90
456.12 400.53
451.17 402.78
444.39 403.01
444.39 403.01


# ID (125)
639.52 513.63
639.28 515.60
645.15 525.46
646.86 525.46
659.09 545.92
663.98 546.41
666.42 539.27
662.51 536.80
661.77 532.86
639.52 513.63
639.52 513.63


# ID (126)
697.47 540.89
699.43 543.29
698.16 546.88
698.16 547.57
701.04 547.57
702.07 538.58
703.00 538.84
704.69 547.05
706.31 547.48
707.84 543.97
706.31 538.66
705.04 536.35
709.03 533.44
708.10 532.15
704.28 534.63
703.26 534.63
701.39 531.89
701.99 530.69
705.13 529.15
709.89 530.61
711.33 530.52
714.90 527.18
713.46 525.73
710.14 528.30
708.02 528.30
704.79 526.76
702.50 526.85
699.95 530.95
698.34 538.06
697.47 540.89
697.47 540.89


# ID (127)
718.79 524.80
717.17 528.74
719.72 532.08
720.57 532.08
721.68 529.85
722.27 529.08
721.17 527.88
719.55 527.29
718.79 524.80
718.79 524.80


# ID (128)
723.80 537.73
720.32 538.50
719.30 539.61
720.15 541.07
722.44 540.21
723.88 539.36
726.01 541.07
726.94 540.30
725.25 538.24
723.80 537.73
723.80 537.73


# ID (129)
666.04 548.85
663.67 550.48
664.18 551.84
671.74 553.55
675.56 554.24
677.18 555.95
681.51 556.30
683.55 558.01
685.41 557.57
687.12 556.04
683.97 554.58
681.26 552.28
674.20 550.56
666.04 548.85
666.04 548.85


# ID (130)
690.77 556.29
688.90 557.32
690.01 558.52
692.72 557.50
690.77 556.29
690.77 556.29


# ID (131)
693.99 555.53
694.33 557.15
696.28 557.66
697.04 556.72
696.20 555.43
693.99 555.53
693.99 555.53


# ID (132)
698.67 559.80
696.29 560.15
698.42 561.95
700.11 561.95
698.67 559.80
698.67 559.80


# ID (133)
699.34 556.98
698.83 558.01
702.65 558.60
705.63 556.89
703.93 556.38
701.22 557.15
700.20 556.29
699.34 556.98
699.34 556.98


# ID (134)
711.83 557.58
707.42 561.27
707.84 562.21
709.71 561.86
711.91 559.80
716.24 559.21
715.39 557.76
711.83 557.58
711.83 557.58


# ID (135)
734.13 532.45
730.52 532.85
728.21 534.54
729.17 536.48
733.09 537.21
733.09 537.94
730.61 539.95
731.81 544.14
733.01 544.22
734.05 540.11
735.97 540.11
736.77 544.13
746.14 551.88
746.38 557.93
749.58 561.40
751.02 561.32
751.34 539.95
745.90 536.17
740.77 539.63
738.93 540.76
735.89 538.83
735.81 532.70
734.13 532.45
734.13 532.45


# ID (136)
690.69 519.53
688.69 527.03
677.86 530.69
674.62 526.89
673.05 527.32
675.99 538.66
680.38 539.15
686.25 541.37
686.25 543.60
688.94 543.10
692.86 537.68
692.86 533.25
695.06 528.81
697.51 529.30
694.57 523.14
694.12 519.17
690.69 519.53
690.69 519.53


# IE (137)
394.92 383.08
394.13 388.27
387.15 390.83
384.93 390.83
383.35 389.72
383.35 388.76
386.84 386.52
385.89 384.60
386.05 381.89
389.06 382.04
390.45 378.79
390.26 381.68
392.61 383.54
394.92 383.08
394.92 383.08


# IL (138)
486.38 444.90
485.01 449.25
486.78 454.46
488.82 446.84
488.82 445.21
486.38 444.90
486.38 444.90


# IN (139)
595.00 509.69
598.96 507.75
601.31 499.24
601.21 488.80
614.67 474.26
614.67 470.82
617.45 469.74
617.34 465.75
614.35 459.93
616.06 456.81
619.81 460.26
624.61 460.48
624.61 462.42
623.12 464.03
623.44 464.90
626.00 465.00
626.54 467.90
627.29 467.90
629.22 464.45
630.18 455.41
633.39 453.15
633.49 450.03
632.21 447.55
630.18 447.44
622.23 452.70
622.73 456.08
617.14 456.06
615.17 453.65
614.10 453.79
614.47 457.14
602.39 456.28
594.91 452.94
594.51 448.84
589.52 445.74
589.46 439.37
586.04 435.46
578.17 436.21
579.03 439.63
582.88 442.75
576.22 456.39
571.76 456.73
571.02 458.37
575.41 462.44
575.20 466.54
570.71 466.47
570.23 468.51
573.95 468.35
574.06 469.96
571.39 471.36
573.10 474.60
576.41 475.68
578.44 474.17
579.40 471.48
580.58 470.95
581.97 472.35
581.54 475.80
580.58 477.41
580.80 480.21
595.00 509.69
595.00 509.69


# IQ (140)
502.79 433.64
501.45 440.30
495.86 444.95
496.21 447.15
501.67 447.52
510.36 454.59
515.21 454.45
515.34 452.82
517.12 450.90
519.61 452.31
519.94 452.00
515.13 445.60
512.85 445.46
509.81 441.56
510.42 438.69
511.34 438.57
511.66 437.30
507.53 432.95
502.79 433.64
502.79 433.64


# IR (141)
507.41 427.52
506.35 428.61
506.46 430.35
507.77 432.19
512.43 437.30
511.72 439.34
510.91 439.34
510.50 441.38
513.14 444.75
515.57 444.95
520.43 451.69
523.16 451.89
525.29 453.42
525.39 456.48
533.81 461.38
536.94 461.38
538.87 459.75
541.30 459.65
542.72 462.91
551.80 464.18
552.07 460.84
555.08 459.75
555.22 458.56
552.83 455.29
547.49 451.00
550.29 448.45
550.09 447.33
546.58 446.78
545.10 434.94
544.92 432.22
535.41 428.58
531.19 429.53
528.83 432.42
526.74 432.29
526.13 432.80
521.47 432.49
515.60 428.21
513.41 425.81
512.40 426.05
510.60 428.12
507.41 427.52
507.41 427.52


# IS (142)
366.26 340.52
364.57 339.56
362.29 341.00
360.32 342.82
360.38 343.83
362.92 344.15
362.76 345.97
361.86 346.87
362.08 347.46
364.62 347.63
364.62 350.56
368.28 351.20
370.45 352.43
372.88 352.54
377.07 350.45
380.30 346.18
380.35 343.30
378.39 341.64
376.75 340.24
376.00 340.78
374.89 342.22
373.62 342.06
372.35 340.67
370.71 340.82
368.32 342.80
366.88 344.35
366.09 343.66
366.03 341.95
366.83 341.41
366.26 340.52
366.26 340.52


# IT (143)
423.23 409.39
422.70 410.75
422.84 412.22
424.91 414.64
428.16 414.52
435.33 422.86
439.81 424.15
442.46 426.65
443.09 432.35
444.51 431.52
445.74 428.42
445.43 426.19
447.53 426.00
447.84 424.73
441.92 421.90
436.30 416.38
434.06 413.07
433.51 409.94
436.37 409.25
435.64 407.19
433.89 405.71
432.37 405.64
430.26 406.22
428.27 409.00
427.07 409.80
425.22 408.65
423.23 409.39
423.23 409.39


# IT (144)
440.67 431.90
439.42 431.22
435.14 431.90
435.28 433.06
439.13 434.99
439.71 435.62
440.72 435.77
440.67 431.90
440.67 431.90


# IT (145)
427.81 423.57
425.52 424.72
425.82 429.19
427.65 429.50
429.03 428.19
429.03 423.96
427.81 423.57
427.81 423.57


# JM (146)
221.53 480.80
218.53 481.56
218.53 482.40
220.28 483.41
222.12 483.41
223.29 482.06
221.53 480.80
221.53 480.80


# JO (147)
489.47 447.25
487.35 454.67
487.25 455.80
490.60 455.80
494.34 452.50
494.43 451.24
492.90 449.68
495.64 447.41
495.25 445.30
494.50 445.47
492.21 447.11
489.47 447.25
489.47 447.25


# JP (148)
709.32 426.19
707.91 427.61
708.49 429.61
709.72 429.69
710.55 434.02
711.55 435.10
713.28 433.52
713.43 428.75
711.43 426.62
709.32 426.19
709.32 426.19


# JP (149)
716.69 422.19
714.03 424.34
713.44 427.06
715.25 428.31
717.88 425.56
718.24 422.50
716.69 422.19


# JP (150)
713.61 418.03
709.39 422.86
709.39 425.19
712.00 424.87
716.08 421.28
718.81 420.78
719.48 421.56
719.49 423.94
720.18 425.19
721.44 425.19
723.20 423.03
723.94 420.19
727.49 420.11
730.97 415.94
729.16 409.02
728.33 405.36
730.14 403.86
726.01 397.62
725.06 396.88
723.19 397.62
722.71 400.21
722.71 402.29
723.70 403.46
724.03 408.96
721.47 412.12
719.98 411.20
718.83 413.79
718.57 416.20
719.48 417.62
718.90 418.70
717.00 417.11
715.68 417.11
714.52 417.78
713.61 418.03
713.61 418.03


# JP (151)
720.73 380.40
719.41 381.56
720.07 384.06
721.23 385.23
721.15 389.06
719.66 389.64
718.50 392.22
721.89 396.88
724.12 396.13
724.53 394.96
722.14 392.80
723.62 390.88
725.20 391.13
728.63 393.43
729.00 390.85
730.63 387.87
732.91 385.56
730.44 384.43
729.49 382.63
728.26 383.46
727.19 384.79
724.87 384.29
722.48 382.71
720.73 380.40
720.73 380.40


# JP (152)
733.20 377.81
730.88 381.06
731.05 382.64
732.21 382.14
734.93 378.73
733.20 377.81
733.20 377.81


# JP (153)
736.26 373.07
735.43 375.31
735.52 376.81
736.93 375.89
738.25 373.23
738.25 372.24
736.26 373.07
736.26 373.07


# KE (154)
491.14 521.36
493.44 525.85
490.68 531.63
490.32 533.39
504.09 541.90
508.36 535.19
506.20 533.44
506.16 524.60
508.86 521.65
504.55 523.08
501.29 523.13
496.19 518.82
494.58 518.13
491.60 518.41
491.08 519.29
491.14 521.36
491.14 521.36


# KG (155)
565.46 411.32
565.20 413.50
565.41 414.85
572.93 417.38
566.33 420.04
565.58 419.42
564.15 420.33
564.22 420.83
564.98 421.18
569.61 421.30
571.97 420.59
574.98 416.79
578.76 417.45
583.32 411.13
571.13 409.47
569.44 413.56
567.32 411.28
565.46 411.32
565.46 411.32


# KH (156)
655.08 497.98
658.61 501.76
665.19 496.88
665.77 489.19
662.37 491.53
660.61 490.55
658.21 490.23
656.87 489.29
656.22 489.32
654.47 492.20
654.75 493.53
656.53 494.53
656.32 497.23
655.08 497.98
655.08 497.98


# KM (157)
514.36 560.01
514.76 561.33
516.47 561.60
517.12 559.88
514.36 560.01
514.36 560.01


# KP (158)
687.75 407.05
689.34 407.71
689.83 413.28
692.98 413.46
695.95 409.98
694.93 409.06
695.05 405.33
697.78 402.03
696.39 399.52
697.29 398.48
697.79 395.89
696.21 395.17
694.86 395.85
693.19 400.92
690.50 400.69
687.38 404.37
687.75 407.05
687.75 407.05


# KR (159)
696.45 410.44
701.79 414.80
702.70 419.02
702.51 421.28
699.90 424.22
697.66 424.34
695.10 418.84
694.14 416.21
695.16 415.41
694.92 414.31
693.65 413.74
696.45 410.44
696.45 410.44


# KW (160)
519.20 452.77
517.26 451.72
515.91 453.07
516.05 455.79
519.19 456.99
519.20 452.77
519.20 452.77


# KZ (161)
513.49 402.16
517.04 400.65
521.00 400.51
521.27 406.56
518.96 406.56
517.18 409.45
519.50 413.30
522.92 415.22
523.23 417.43
524.48 417.01
525.64 415.64
527.55 416.05
528.51 417.98
530.96 417.98
530.96 415.51
529.46 411.11
528.78 407.54
533.14 405.61
539.01 406.57
542.69 410.28
551.02 409.46
555.66 416.06
561.11 416.33
562.62 413.86
564.53 413.44
564.80 410.69
567.66 410.56
569.17 412.34
570.67 408.77
583.63 410.56
585.81 407.68
582.13 403.14
587.04 392.42
590.99 392.70
593.72 386.10
588.27 385.55
585.13 382.52
576.49 383.53
565.35 372.76
561.43 376.25
549.53 370.84
534.92 377.99
534.52 383.07
537.93 387.06
531.28 390.82
522.64 390.63
520.83 387.98
514.07 387.60
507.65 391.73
507.51 397.36
513.49 402.16
513.49 402.16


# LA (162)
650.74 466.40
648.65 467.46
646.92 472.52
649.82 476.22
649.34 480.31
649.82 480.51
654.65 478.17
661.13 485.41
660.98 489.97
662.39 490.74
665.87 487.91
665.58 485.67
655.53 476.12
655.63 474.66
656.88 473.78
656.01 471.35
651.85 470.66
650.74 466.40
650.74 466.40


# LB (163)
487.14 440.04
487.19 441.73
486.48 444.29
488.92 444.49
489.08 440.86
487.14 440.04
487.14 440.04


# LC (164)
258.75 493.28
258.13 494.59
259.13 495.66
260.42 494.97
258.75 493.28
258.75 493.28


# LK (165)
603.26 505.40
603.48 507.75
603.70 509.46
602.43 509.68
603.07 513.53
604.97 514.60
607.94 512.89
607.09 508.83
607.31 507.34
604.55 504.78
603.26 505.40
603.26 505.40


# LR (166)
378.20 515.03
387.69 521.37
387.46 516.57
384.59 513.19
381.79 510.71
378.20 515.03
378.20 515.03


# LS (167)
470.90 606.83
473.53 604.80
474.78 604.85
476.28 606.72
476.13 608.60
473.59 609.54
473.59 610.26
470.80 610.11
470.13 608.08
470.90 606.83
470.90 606.83


# LT (168)
452.14 375.24
449.99 375.60
450.17 377.62
453.52 377.87
454.79 378.92
455.13 380.73
456.16 382.17
459.23 382.04
462.17 378.30
461.99 376.07
456.46 375.21
452.14 375.24


# LU (169)
420.42 397.58
421.18 398.26
422.06 398.34
422.26 396.61
422.01 395.64
420.78 396.22
420.42 397.58


# LV (170)
462.82 369.96
456.46 368.93
455.38 371.75
453.54 372.30
452.58 371.12
451.62 369.31
450.58 370.08
449.99 373.21
449.99 374.92
452.24 374.54
456.90 374.62
462.52 375.67
464.77 375.01
464.64 372.49
462.82 369.96
462.82 369.96


# LY (171)
429.96 453.52
431.31 453.29
431.71 450.18
432.38 450.18
435.14 445.65
441.94 447.63
443.80 450.52
450.49 453.58
453.97 452.11
453.63 450.64
452.11 449.17
452.28 448.15
454.76 446.06
459.65 446.06
461.51 448.55
465.44 449.12
465.95 481.01
463.03 480.89
445.38 471.71
443.47 472.79
436.21 470.98
434.24 468.38
431.37 467.98
429.92 465.38
429.96 453.52
429.96 453.52


# MA (172)
402.51 439.90
392.52 439.90
390.57 444.24
386.07 446.41
382.35 456.47
375.10 460.82
364.93 477.58
374.91 477.38
375.30 472.45
377.84 472.45
377.84 465.74
386.65 465.74
386.85 457.06
395.27 455.09
398.79 449.37
404.27 449.17
402.51 439.90
402.51 439.90


# MD (173)
465.14 401.38
467.82 405.50
467.60 407.83
468.55 407.88
470.83 404.03
468.10 400.64
466.55 400.00
465.14 401.38
465.14 401.38


# ME (174)
449.68 416.68
448.41 418.47
448.78 419.57
450.28 419.84
451.46 418.23
449.68 416.68


# MG (175)
526.99 561.47
525.15 565.85
521.99 571.41
516.47 571.81
514.10 574.59
514.50 583.08
511.07 587.06
511.47 593.82
514.37 597.13
517.79 596.73
521.21 594.21
520.43 590.23
528.32 576.58
526.74 574.86
528.32 571.54
530.03 572.07
530.56 570.75
528.97 563.99
528.05 561.20
526.99 561.47
526.99 561.47


# MK (176)
456.64 418.92
453.73 419.88
453.87 422.36
454.55 423.23
458.01 421.62
456.64 418.92
456.64 418.92


# ML (177)
377.58 494.85
380.25 493.02
395.05 492.93
391.62 469.13
395.53 469.02
414.43 483.45
416.97 483.81
416.01 491.83
404.13 492.91
394.96 499.76
393.29 504.44
386.92 504.71
385.29 500.03
380.41 500.38
380.60 498.85
377.58 494.85
377.58 494.85


# MM (178)
645.53 501.60
643.14 497.76
644.87 495.32
643.23 492.30
641.68 492.01
641.39 486.94
639.07 482.46
638.40 483.53
636.85 486.16
634.92 486.45
633.95 485.18
633.46 481.77
632.01 479.04
626.10 473.46
627.55 472.50
627.82 468.46
629.98 464.83
630.91 455.80
634.04 453.67
634.15 450.37
636.02 450.99
638.98 455.27
636.79 459.97
638.27 463.67
641.92 465.10
642.59 469.12
647.50 469.88
646.14 472.22
639.95 474.66
639.28 478.66
643.82 484.50
644.01 487.62
642.95 488.69
643.05 489.67
646.43 494.64
646.53 499.80
645.53 501.60
645.53 501.60


# MN (179)
597.44 386.21
602.47 379.54
608.51 382.33
612.62 383.43
617.65 378.82
614.23 376.30
616.48 373.13
623.19 375.50
625.51 379.31
629.71 379.42
631.91 377.79
636.43 377.60
637.41 379.28
644.92 379.66
649.68 374.81
656.26 375.50
655.88 382.11
658.76 382.76
662.29 381.16
666.03 383.01
665.95 383.94
663.23 384.02
660.40 389.95
658.21 390.17
649.67 401.33
640.95 405.17
635.49 405.60
630.96 402.68
625.17 405.77
619.47 404.00
617.85 399.86
607.04 399.10
601.51 389.72
598.82 389.55
597.44 386.21
597.44 386.21


# MR (180)
365.00 478.27
366.88 480.73
366.49 491.38
369.23 489.41
371.19 489.01
373.93 489.99
377.05 494.33
379.99 492.36
394.28 492.16
390.76 468.30
394.54 468.28
387.49 462.88
387.50 466.39
378.57 466.40
378.52 473.10
375.96 473.09
375.63 478.03
365.00 478.27
365.00 478.27


# MT (181)
440.82 438.34
439.37 438.63
439.42 440.23
440.72 440.67
441.30 440.18
440.82 438.34
440.82 438.34


# MU (182)
544.89 584.01
543.58 585.73
543.84 587.59
546.60 585.33
544.89 584.01
544.89 584.01


# MV (183)
582.40 516.39
582.66 518.64
584.10 519.17
584.36 517.18
582.40 516.39
582.40 516.39


# MV (184)
584.24 521.16
584.11 523.94
585.16 524.47
586.09 522.61
584.24 521.16
584.24 521.16


# MV (185)
584.51 526.59
583.58 527.52
584.64 528.44
585.95 527.52
584.51 526.59
584.51 526.59


# MW (186)
487.97 567.07
490.66 569.88
490.60 573.48
491.12 574.99
494.69 571.14
494.28 566.24
492.37 564.78
490.67 556.18
487.72 556.07
489.06 562.27
487.97 567.07
487.97 567.07


# MX (187)
133.85 433.98
138.02 447.13
136.08 448.22
136.29 450.83
139.97 453.65
139.97 458.88
144.50 463.24
142.56 450.39
139.97 441.89
140.61 436.02
142.78 436.23
143.64 438.20
142.78 443.20
154.01 465.19
154.01 473.03
163.09 483.70
173.03 488.27
177.14 485.88
182.97 490.66
186.43 487.18
184.92 483.26
189.89 481.74
191.40 482.61
192.91 481.09
195.29 481.09
199.61 473.46
197.45 471.50
189.02 473.46
187.08 479.13
182.11 480.00
176.27 477.60
173.68 469.33
175.64 458.90
171.63 456.40
169.72 446.38
168.12 445.70
165.20 448.66
161.85 446.87
160.53 440.19
147.25 438.80
140.38 433.64
133.85 433.98
133.85 433.98


# MY (188)
648.36 511.80
650.10 515.69
650.49 520.76
652.81 524.36
657.91 527.45
658.91 526.65
660.37 526.37
660.16 524.46
658.32 519.98
655.62 514.25
655.39 515.25
652.14 515.10
649.81 511.75
648.36 511.80
648.36 511.80


# MY (189)
675.53 526.90
678.14 529.91
688.15 526.45
690.13 518.80
694.59 518.49
698.67 515.53
693.38 511.68
692.17 509.56
689.56 514.37
690.52 517.14
688.93 519.45
685.93 518.68
678.66 524.01
678.84 527.10
675.53 526.90
675.53 526.90


# MZ (190)
482.79 596.36
485.12 598.29
490.60 594.95
491.48 590.00
491.48 581.82
500.27 574.63
501.77 574.68
507.10 569.58
506.27 559.05
492.46 560.79
492.98 564.13
495.00 565.89
495.57 571.62
490.81 576.26
489.67 573.66
489.88 570.22
487.14 567.24
480.41 570.37
486.67 573.55
486.88 582.83
482.74 588.97
482.79 596.36
482.79 596.36


# NA (191)
444.22 603.86
447.12 604.07
448.82 605.79
452.86 605.84
453.84 594.38
453.84 586.88
456.43 586.36
457.41 578.49
463.98 578.28
466.30 576.36
462.37 576.20
457.05 576.93
451.31 574.85
435.18 574.85
435.59 579.43
440.97 587.34
440.03 591.41
440.09 593.54
444.22 603.86
444.22 603.86


# NC (192)
798.71 602.58
798.40 604.12
802.39 609.68
804.53 610.61
804.83 608.45
798.71 602.58
798.71 602.58


# NE (193)
413.40 500.17
415.60 500.12
417.59 497.14
420.92 496.54
424.48 498.71
432.06 498.93
437.92 496.54
440.12 494.65
440.29 492.16
444.37 488.03
445.45 478.93
442.77 473.29
435.89 471.62
419.96 484.03
417.71 483.81
416.74 492.43
408.61 493.24
413.40 500.17
413.40 500.17


# NG (194)
413.98 515.18
417.37 515.35
421.46 519.91
423.45 520.45
425.01 519.69
427.37 519.36
428.18 516.06
431.40 513.94
434.90 513.78
441.29 502.01
441.19 499.36
438.23 497.09
432.32 499.69
424.41 499.58
420.64 497.19
417.95 497.79
416.55 500.23
416.45 507.11
414.19 510.30
413.98 515.18
413.98 515.18


# NI (195)
203.22 491.62
205.11 492.00
205.17 495.88
202.97 502.18
197.03 501.59
195.71 498.55
197.47 494.87
200.81 491.76
203.22 491.62
203.22 491.62


# NL (196)
421.35 384.57
417.43 386.50
418.26 387.25
418.35 389.18
417.52 389.02
416.61 387.59
414.42 391.06
417.78 391.76
419.03 393.08
419.70 393.10
420.14 390.11
422.26 389.22
421.35 384.57
421.35 384.57


# NO (197)
460.57 327.41
462.31 326.13
462.16 324.70
461.05 324.05
461.21 322.30
462.16 322.30
462.16 321.34
458.04 320.23
451.85 320.87
451.22 323.58
449.80 323.10
448.84 321.50
445.83 321.66
445.51 324.69
444.08 325.33
443.29 323.73
436.94 328.84
438.21 330.28
435.83 331.39
430.44 342.09
428.54 343.37
428.70 344.33
430.60 345.29
430.12 347.37
426.95 347.20
425.99 346.09
423.94 348.48
422.67 349.44
422.35 351.68
421.24 352.32
418.39 352.96
416.96 357.44
417.91 364.79
419.02 368.14
420.29 369.42
423.14 369.26
427.27 365.27
428.85 362.56
429.33 366.55
432.02 361.76
432.18 348.34
434.37 346.95
435.03 339.55
441.68 329.96
444.86 328.84
446.28 327.09
451.04 328.20
453.41 329.64
454.21 325.65
458.18 323.25
460.57 327.41
460.57 327.41


# NO (198)
437.06 285.76
435.63 284.33
432.47 285.87
426.66 285.87
425.74 289.26
429.00 292.13
430.43 291.92
432.47 288.43
434.19 289.67
432.97 292.13
432.35 295.73
433.78 297.98
436.84 292.85
440.82 288.02
439.29 286.69
437.06 285.76
437.06 285.76


# NO (199)
438.78 279.60
436.23 281.96
437.76 284.32
440.51 284.32
441.64 285.86
445.00 287.60
448.87 285.35
451.52 283.09
450.61 281.24
447.95 279.70
446.02 281.45
444.70 279.80
443.67 279.91
442.35 282.79
440.42 280.83
440.21 279.50
438.78 279.60
438.78 279.60


# NO (200)
444.59 290.18
442.55 292.03
440.82 293.36
441.64 294.80
443.27 295.31
445.92 294.07
447.15 292.53
446.03 290.68
444.59 290.18
444.59 290.18


# NP (201)
595.18 448.79
595.58 452.48
602.56 455.64
613.75 456.47
613.33 453.77
605.85 451.71
599.51 447.93
595.18 448.79
595.18 448.79


# NZ (202)
804.22 655.73
805.14 665.93
803.91 670.56
799.31 673.96
799.61 677.98
799.61 682.30
800.84 683.85
813.42 673.03
813.42 670.56
810.35 670.56
806.05 656.04
804.22 655.73
804.22 655.73


# NZ (203)
795.02 677.98
797.48 682.61
790.73 689.10
790.11 692.50
785.51 693.11
777.85 700.22
770.79 696.82
770.18 694.35
783.06 688.79
795.02 677.98
795.02 677.98


# OM (204)
532.24 481.88
538.63 478.20
539.77 472.79
538.37 471.99
538.95 466.20
540.16 465.49
541.47 467.54
549.24 471.60
549.24 473.86
539.83 487.71
535.50 487.86
532.24 481.88
532.24 481.88


# PA (205)
205.68 506.75
204.42 510.69
208.58 511.77
211.17 512.28
211.61 509.23
214.38 507.83
216.85 509.10
217.82 510.65
218.99 510.51
219.92 507.70
216.84 506.43
214.50 505.16
212.17 506.75
209.40 508.15
206.56 507.01
205.68 506.75
205.68 506.75


# PE (206)
209.52 541.25
207.84 542.94
207.95 545.64
222.60 572.34
237.80 582.14
240.15 578.20
240.72 569.53
239.49 564.13
235.35 557.14
232.88 557.93
231.77 559.17
226.85 553.53
228.08 546.88
233.78 543.17
233.33 539.67
227.52 539.45
224.51 534.38
222.83 533.82
222.94 536.87
215.46 545.76
209.87 544.41
209.52 541.25
209.52 541.25


# PG (207)
752.13 540.18
751.81 561.31
754.86 561.14
758.86 556.47
762.22 556.63
764.38 558.57
765.10 564.53
771.98 568.16
773.74 567.52
773.74 565.34
768.22 560.74
765.50 554.45
767.66 553.40
766.06 549.93
762.86 549.85
762.06 546.15
753.58 540.42
752.13 540.18
752.13 540.18


# PG (208)
778.18 546.01
777.36 546.20
776.86 548.42
775.28 549.44
770.55 550.27
770.74 552.05
775.72 551.80
778.88 549.83
778.69 546.40
778.18 546.01
778.18 546.01


# PG (209)
776.09 540.80
775.33 541.88
779.49 545.56
780.06 547.72
781.19 547.59
781.32 545.37
780.06 544.23
776.09 540.80
776.09 540.80


# PH (210)
697.34 496.31
696.59 497.72
696.18 499.47
692.05 504.72
692.30 505.80
694.03 505.55
699.40 499.55
697.34 496.31
697.34 496.31


# PH (211)
704.03 494.31
703.94 498.64
705.51 500.22
706.09 503.30
707.66 503.64
708.41 501.72
707.17 500.80
706.84 495.39
704.03 494.31
704.03 494.31


# PH (212)
708.50 495.98
708.41 499.81
709.32 501.30
710.89 499.47
710.47 496.14
708.50 495.98
708.50 495.98


# PH (213)
709.48 492.64
711.05 494.72
711.80 496.72
713.21 496.72
712.96 493.31
711.38 492.23
709.48 492.64
709.48 492.64


# PH (214)
712.54 500.47
712.87 502.97
709.97 505.30
707.58 505.55
705.02 508.30
705.10 509.56
707.50 508.80
709.15 507.73
710.56 511.30
713.04 513.05
714.03 512.71
714.94 511.63
712.96 509.63
714.12 508.72
715.44 509.80
716.35 508.30
715.44 506.47
715.28 502.39
712.54 500.47
712.54 500.47


# PH (215)
699.07 475.08
696.84 476.66
696.59 481.65
700.07 488.40
701.23 489.31
702.71 488.31
705.27 488.72
705.77 490.97
707.67 491.14
708.58 489.89
707.42 488.31
706.01 486.98
703.03 486.65
701.46 484.07
703.28 481.32
703.44 478.91
702.20 475.83
699.07 475.08
699.07 475.08


# PH (216)
700.23 489.98
700.89 492.31
702.05 493.07
702.88 491.99
701.55 490.15
700.23 489.98
700.23 489.98


# PK (217)
553.64 455.08
555.89 458.42
555.67 460.14
552.68 461.33
552.46 464.13
555.89 464.13
557.06 463.16
563.58 463.16
569.46 468.33
570.21 465.85
574.59 465.85
574.70 462.73
570.21 458.42
571.17 456.05
575.77 455.73
581.97 442.81
578.54 440.12
577.26 435.60
585.60 434.85
580.68 427.85
578.06 427.14
576.99 428.44
576.19 428.50
571.27 431.62
572.87 434.31
571.06 436.25
568.81 444.54
563.25 448.09
562.50 451.98
553.64 455.08
553.64 455.08


# PL (218)
457.11 390.18
457.84 391.53
458.02 392.97
457.41 394.36
456.03 397.02
454.86 397.55
453.35 396.89
452.44 396.93
450.24 397.76
447.73 397.02
443.67 394.14
439.69 392.01
438.09 389.57
437.79 383.82
440.90 381.12
444.96 379.77
446.29 379.63
446.60 380.63
448.33 381.33
453.10 381.42
454.57 381.37
456.99 385.08
456.38 386.60
456.64 388.39
457.11 390.18
457.11 390.18


# PR (219)
249.30 482.07
247.01 481.30
245.18 482.45
246.10 483.52
249.22 483.98
249.30 482.07
249.30 482.07


# PT (220)
387.50 421.72
386.96 429.19
385.43 430.58
385.59 431.42
386.66 433.20
385.97 435.36
387.12 435.75
389.80 435.43
389.64 433.27
391.40 423.25
391.02 421.87
387.50 421.72
387.50 421.72


# PT (221)
367.83 443.48
366.90 444.67
367.83 445.85
369.24 445.14
367.83 443.48
367.83 443.48


# PT (222)
337.11 426.71
335.94 427.90
338.04 429.08
338.28 427.43
337.11 426.71
337.11 426.71


# PT (223)
343.45 426.00
342.04 426.95
343.21 427.89
345.09 427.41
343.45 426.00
343.45 426.00


# PT (224)
344.38 429.31
343.68 431.21
344.62 432.39
345.79 431.45
344.38 429.31
344.38 429.31


# PT (225)
350.01 433.09
349.54 434.28
350.24 434.99
352.12 433.80
350.01 433.09
350.01 433.09


# PY (226)
267.20 584.46
269.10 586.53
268.88 590.92
274.36 590.59
278.50 595.89
278.16 600.61
275.48 604.67
270.00 604.89
269.77 602.64
271.34 598.92
265.97 595.54
261.50 595.54
258.15 591.93
260.59 584.97
267.20 584.46
267.20 584.46


# QA (227)
527.27 463.02
526.82 466.49
528.16 467.50
529.36 467.39
529.81 463.02
528.77 462.27
527.27 463.02
527.27 463.02


# RO (228)
457.73 401.28
457.50 402.56
452.50 406.73
456.68 412.86
459.37 414.74
464.19 414.74
465.78 413.41
467.91 413.13
469.51 414.09
472.32 410.89
471.78 409.28
468.92 408.54
466.96 408.45
467.06 405.70
464.47 401.62
457.73 401.28
457.73 401.28


# RS (229)
452.00 407.28
450.23 408.61
449.37 408.61
448.78 410.44
450.87 412.87
451.01 414.80
450.13 416.05
453.20 419.24
456.51 418.23
456.24 413.51
452.00 407.28
452.00 407.28


# RU (230)
722.06 302.16
723.58 307.42
726.62 308.29
729.67 303.48
727.93 300.19
728.58 297.35
733.14 297.35
732.05 299.53
732.48 307.42
725.97 323.61
726.61 327.12
726.40 333.03
738.56 350.76
740.95 351.41
741.16 336.97
743.55 334.78
740.94 329.10
743.11 326.68
738.33 320.34
735.72 320.55
734.85 310.05
741.59 308.30
742.02 305.23
745.50 304.36
747.45 306.11
749.84 296.48
753.96 289.48
757.22 287.72
760.05 287.94
760.05 284.66
755.48 283.78
749.18 278.53
752.22 275.03
749.61 269.11
751.78 266.93
754.39 270.43
760.91 272.84
768.08 273.50
768.95 270.43
765.26 266.72
769.38 261.03
760.04 257.74
757.65 262.56
754.61 258.62
737.45 252.70
721.16 255.55
718.77 256.86
718.77 258.18
722.25 259.93
721.81 264.09
715.51 261.46
701.61 266.93
699.23 261.90
689.66 261.90
685.32 266.50
669.89 263.00
655.78 265.84
654.04 270.22
656.21 270.88
656.00 274.16
642.31 275.69
643.18 280.06
630.58 277.88
633.62 272.19
620.81 271.53
621.89 277.44
617.77 279.42
614.30 276.13
600.18 278.54
594.75 283.57
594.53 286.63
591.06 286.85
590.63 283.35
601.71 273.72
601.71 267.15
594.54 265.18
585.20 268.24
581.29 264.30
579.55 264.30
577.38 268.67
579.12 270.64
566.73 277.43
556.09 285.53
549.57 294.50
549.57 298.22
556.52 301.06
553.04 303.69
545.66 301.06
542.62 303.69
538.05 298.44
537.18 300.41
542.18 316.17
543.48 316.61
546.96 314.85
548.70 316.16
548.70 319.01
545.44 317.70
543.48 319.22
544.79 322.07
543.70 329.51
536.97 330.17
536.53 327.76
540.44 325.35
541.31 318.78
536.97 313.09
535.44 303.24
528.50 302.14
527.85 305.64
529.15 307.40
526.33 309.81
527.42 316.38
531.54 318.13
532.41 322.95
528.28 320.32
517.64 318.35
516.33 321.85
507.86 324.91
506.56 322.72
495.47 328.85
495.26 333.01
490.91 333.67
492.22 330.61
492.22 327.55
487.87 326.02
485.04 327.11
487.43 331.71
489.16 334.77
489.16 337.19
485.90 336.53
485.26 335.87
482.00 339.37
483.73 342.43
476.35 342.22
478.74 345.29
478.09 346.60
474.18 346.60
471.36 344.63
470.71 339.16
466.15 337.40
466.15 335.21
475.71 337.19
480.92 337.63
483.09 334.34
481.14 330.84
467.24 325.37
462.44 326.56
460.80 327.97
461.31 331.21
463.35 331.56
462.87 336.66
469.17 351.45
464.62 358.65
464.31 360.28
466.61 361.90
464.53 363.28
463.15 363.31
463.41 369.66
465.32 372.36
465.34 374.99
467.79 375.22
471.53 376.64
475.49 382.09
475.53 383.52
474.25 385.73
477.20 385.57
480.08 386.39
483.97 391.90
493.55 392.77
493.13 399.33
489.83 402.15
490.52 403.26
487.26 406.76
486.39 410.04
488.35 412.89
494.65 415.08
497.26 413.55
513.98 419.89
514.63 418.14
511.16 414.85
511.16 410.70
508.99 410.04
509.42 406.54
512.90 402.38
506.66 397.71
507.10 391.22
513.76 386.84
521.58 387.28
522.89 389.69
530.93 390.13
536.80 386.85
533.75 383.56
534.40 377.43
549.61 369.99
561.30 375.26
565.21 371.76
576.72 382.71
585.41 381.83
588.45 384.89
596.71 385.77
602.14 378.32
609.09 381.39
612.78 382.05
616.47 378.77
613.21 376.58
616.04 372.20
624.08 374.83
625.81 378.33
629.29 378.55
631.46 377.02
637.33 376.80
637.97 378.33
644.71 378.77
649.27 373.96
658.61 375.06
661.44 373.96
662.31 368.70
659.48 362.36
662.31 359.95
671.21 359.95
679.68 370.01
690.54 376.14
693.80 376.14
694.23 373.52
698.14 371.10
698.57 385.33
695.09 385.55
695.09 389.05
697.05 391.46
696.68 394.59
698.13 395.19
699.00 393.00
700.31 393.44
701.17 394.31
705.08 393.44
708.98 382.05
709.42 367.83
704.42 356.44
698.12 348.78
695.08 349.22
695.08 351.64
687.70 348.79
690.52 342.66
692.91 326.46
702.90 323.40
707.68 320.34
712.89 320.34
711.58 322.10
712.89 324.29
717.45 319.47
720.06 319.69
719.63 316.84
715.49 315.97
718.32 305.68
722.06 302.16
722.06 302.16


# RU (231)
450.11 378.29
448.81 380.68
453.48 380.73
454.43 380.73
454.25 379.38
453.52 378.52
450.11 378.29


# RU (232)
741.14 353.25
740.07 354.58
740.15 356.66
741.15 356.58
742.80 353.66
741.14 353.25
741.14 353.25


# RU (233)
776.79 272.30
774.75 273.63
774.27 275.33
775.23 276.42
777.39 275.69
779.55 276.42
780.75 276.78
780.63 272.79
776.79 272.30
776.79 272.30


# RU (234)
488.54 272.65
490.03 273.25
488.98 275.04
488.98 277.59
486.75 278.94
484.37 278.94
483.03 277.29
483.18 275.49
484.22 274.14
486.31 274.14
488.54 272.65
488.54 272.65


# RU (235)
494.19 271.00
494.19 272.80
495.68 274.00
497.76 273.85
499.55 272.20
499.55 271.00
497.91 271.00
496.57 271.45
495.53 270.25
494.19 271.00
494.19 271.00


# RU (236)
502.68 271.15
503.73 273.40
505.81 273.55
507.30 272.95
506.55 270.85
504.62 270.40
502.68 271.15
502.68 271.15


# RU (237)
511.16 268.15
509.53 267.85
508.04 269.35
508.78 270.70
509.23 272.80
511.17 271.31
511.62 269.66
511.16 268.15
511.16 268.15


# RU (238)
520.24 284.05
519.79 286.15
516.36 289.15
509.07 290.80
503.11 300.70
502.07 303.55
508.02 305.06
508.91 301.46
510.70 295.91
515.32 293.51
519.19 290.51
522.02 289.31
523.50 289.31
523.50 285.26
520.24 284.05
520.24 284.05


# RU (239)
501.04 305.95
505.06 306.40
506.40 311.05
509.82 314.64
508.63 317.04
506.55 317.04
504.61 314.80
500.30 314.65
498.51 312.25
498.51 310.60
501.19 309.84
501.04 305.95
501.04 305.95


# RU (240)
563.85 254.81
561.92 253.61
559.69 253.61
559.24 254.96
556.86 256.31
555.07 256.90
554.78 258.70
558.95 259.00
563.85 254.81
563.85 254.81


# RU (241)
568.46 255.26
567.42 257.50
565.33 257.36
562.06 259.76
561.17 262.76
563.25 262.76
564.44 260.81
567.27 262.91
569.95 261.71
571.89 260.06
571.14 257.51
570.10 255.71
568.46 255.26
568.46 255.26


# RU (242)
572.78 256.91
573.83 261.11
575.46 265.01
577.25 261.86
580.68 261.11
580.68 258.86
578.45 257.21
572.78 256.91
572.78 256.91


# RU (243)
654.45 250.18
656.78 252.14
658.43 251.45
658.91 248.71
655.52 246.37
653.29 247.84
647.87 248.33
647.87 250.78
642.14 250.88
642.14 254.88
648.83 259.86
650.58 258.58
650.19 255.07
654.46 253.99
653.59 252.33
652.04 250.77
654.45 250.18
654.45 250.18


# RU (244)
660.66 247.84
662.21 250.77
668.22 250.09
669.87 247.94
669.49 246.08
667.84 245.40
666.29 246.57
661.83 247.55
660.66 247.84
660.66 247.84


# RU (245)
660.27 259.27
657.26 258.49
655.52 260.35
654.75 262.89
658.82 262.50
661.92 260.94
660.27 259.27
660.27 259.27


# RU (246)
738.23 242.37
735.71 241.59
732.80 242.66
731.35 244.81
733.19 247.26
738.04 245.11
739.01 244.04
738.23 242.37
738.23 242.37


# RU (247)
739.16 358.33
739.16 361.99
740.32 362.41
741.14 361.08
741.14 358.25
739.16 358.33
739.16 358.33


# RU (248)
705.35 345.09
705.27 350.42
711.96 360.75
714.36 369.74
718.58 377.73
720.23 378.31
721.64 377.15
722.29 375.23
716.26 368.65
716.42 365.23
717.75 364.66
718.07 362.66
706.26 345.92
705.35 345.09
705.35 345.09


# RU (249)
751.97 328.52
750.32 328.68
751.31 330.10
753.38 331.52
753.95 330.85
751.97 328.52
751.97 328.52


# RU (250)
755.18 329.52
755.43 330.94
757.99 331.69
758.24 330.69
755.18 329.52
755.18 329.52


# RU (251)
769.23 334.96
770.31 336.89
772.11 336.77
772.47 335.44
769.23 334.96
769.23 334.96


# RU (252)
787.36 337.98
788.80 340.64
789.88 339.43
789.88 337.62
787.36 337.98
787.36 337.98


# RW (253)
479.90 532.93
482.32 535.17
482.22 537.57
478.45 537.64
478.45 535.00
479.90 532.93
479.90 532.93


# SA (254)
519.81 458.02
525.87 466.46
527.83 468.02
528.70 471.81
538.03 472.54
539.08 473.10
538.04 477.76
531.91 481.38
522.94 484.09
518.16 488.76
512.48 485.45
509.04 488.45
504.25 480.63
500.97 479.13
499.78 477.32
499.78 473.40
487.82 458.95
487.37 456.39
490.81 456.39
495.00 452.78
495.14 450.97
493.95 449.77
496.35 447.82
501.43 448.12
510.10 455.35
515.22 455.12
515.54 456.38
519.81 458.02
519.81 458.02


# SB (255)
783.79 549.88
784.86 552.86
786.75 554.71
787.32 554.20
787.13 552.22
784.99 549.62
783.79 549.88
783.79 549.88


# SB (256)
789.02 554.32
789.15 556.29
790.35 557.44
791.48 556.74
790.47 554.63
789.02 554.32
789.02 554.32


# SB (257)
790.53 559.22
789.52 560.30
790.59 562.27
791.85 562.65
791.79 561.32
790.53 559.22
790.53 559.22


# SB (258)
792.99 558.08
793.87 560.24
795.58 562.27
796.52 560.75
795.26 558.59
792.99 558.08
792.99 558.08


# SB (259)
797.41 561.32
797.91 563.99
799.11 565.64
800.12 563.55
797.41 561.32
797.41 561.32


# SB (260)
798.79 567.29
798.35 568.05
799.80 569.96
800.82 570.02
800.18 567.54
798.79 567.29
798.79 567.29


# SB (261)
795.58 571.09
794.06 571.79
795.39 573.64
796.52 573.00
795.58 571.09
795.58 571.09


# SC (262)
535.68 548.87
535.15 549.93
536.59 551.12
537.65 549.93
535.68 548.87
535.68 548.87


# SC (263)
543.05 540.92
541.47 541.98
542.65 543.84
544.23 543.84
543.05 540.92
543.05 540.92


# SC (264)
543.71 545.56
542.65 546.75
543.44 547.95
544.88 548.21
545.01 545.69
543.71 545.56
543.71 545.56


# SD (265)
466.14 505.04
463.59 503.53
461.27 498.94
461.40 494.67
464.62 491.90
464.62 491.90
464.78 481.67
466.91 481.73
466.66 476.05
488.97 476.25
492.15 473.04
499.04 484.04
495.27 488.48
495.27 495.27
490.67 505.16
489.63 507.46
485.92 502.14
483.21 505.58
480.15 506.42
470.21 505.42
465.88 506.96
466.14 505.04


# SE (266)
445.23 329.52
446.92 331.08
450.10 331.08
451.84 334.44
452.32 340.18
448.04 343.22
448.04 346.25
445.03 350.41
443.28 350.56
440.90 354.56
441.06 358.40
445.18 361.43
444.86 363.19
443.28 365.58
440.90 367.66
441.06 374.53
437.41 375.81
436.14 378.52
434.39 378.52
433.44 373.73
429.47 367.65
432.73 362.19
432.96 348.71
435.21 347.48
435.75 339.77
442.16 330.60
445.23 329.52
445.23 329.52


# SE (267)
445.90 368.93
444.07 370.37
444.99 372.49
446.61 370.92
445.90 368.93
445.90 368.93


# SG (268)
658.31 527.71
659.00 528.09
660.55 527.97
660.42 526.80
659.16 527.00
658.31 527.71


# SI (269)
442.71 405.08
440.51 406.39
436.42 407.29
437.24 409.66
440.11 409.69
442.75 407.48
442.71 405.08
442.71 405.08


# SK (270)
443.61 400.88
444.20 401.40
444.28 402.30
450.88 402.15
455.75 400.05
455.67 397.92
454.74 398.33
453.40 397.61
452.58 397.58
450.42 398.44
447.48 397.74
443.61 400.88
443.61 400.88


# SL (271)
372.80 509.79
377.69 514.51
381.17 510.28
378.99 506.87
375.99 507.17
372.80 509.79
372.80 509.79


# SN (272)
372.42 498.77
366.63 498.63
366.63 498.63
367.70 501.23
368.30 499.63
375.57 500.39
376.38 500.36
379.78 500.48
379.90 498.97
376.79 495.24
373.33 490.55
371.17 489.65
369.51 490.07
369.51 490.07
366.11 492.55
365.33 493.93
365.09 495.31
366.34 496.21
370.53 496.15
373.21 495.42
373.52 496.75
373.28 498.49
372.42 498.77


# SO (273)
526.70 501.94
530.48 500.49
531.82 501.29
531.67 504.65
528.19 514.57
509.34 534.76
507.15 533.26
507.00 524.74
509.84 521.48
515.86 519.62
524.68 510.30
526.99 508.24
527.64 505.24
526.70 501.94
526.70 501.94


# SR (274)
268.38 516.72
270.15 518.33
272.88 516.64
275.37 516.72
275.05 517.68
274.00 519.86
273.84 525.28
268.87 527.31
269.11 523.83
265.90 520.84
266.07 519.30
268.38 516.72
268.38 516.72


# SS (275)
489.34 508.02
487.30 508.92
487.94 512.47
490.48 512.47
493.93 517.47
491.17 517.83
490.46 519.12
490.39 520.97
482.09 520.83
481.24 519.54
475.44 519.21
464.79 508.25
465.86 507.61
470.37 506.25
480.27 507.00
483.64 506.25
485.87 503.25
489.34 508.02


# ST (276)
421.91 530.55
422.90 530.05
423.65 530.66
422.90 531.80
422.01 531.45
421.91 530.55
421.91 530.55


# ST (277)
423.91 527.40
425.40 527.15
425.90 528.10
425.16 528.90
424.42 528.80
423.91 527.40
423.91 527.40


# SV (278)
189.31 495.22
193.37 497.24
193.31 494.03
191.23 492.76
189.31 495.22
189.31 495.22


# SY (279)
487.55 437.18
487.24 439.38
489.68 440.40
489.58 446.48
492.01 446.43
494.45 444.59
495.37 444.43
500.90 440.03
502.01 433.64
490.96 434.77
489.79 437.33
487.55 437.18
487.55 437.18


# SZ (280)
482.53 596.98
480.36 597.34
479.43 599.90
481.09 601.41
483.10 601.41
484.80 598.96
482.53 596.98
482.53 596.98


# TD (281)
440.97 494.98
441.08 492.43
445.18 488.45
446.28 478.66
443.55 473.44
445.46 472.46
463.96 482.10
463.85 491.56
460.59 494.33
460.59 499.21
462.72 503.34
458.95 503.34
452.71 509.51
452.55 511.38
447.94 511.32
447.88 512.16
445.25 511.82
443.45 508.42
442.10 507.76
442.28 506.72
443.97 505.42
443.97 499.36
441.63 498.99
438.80 496.89
440.97 494.98
440.97 494.98
440.97 494.98


# TG (282)
408.49 516.81
410.81 515.45
410.76 506.51
409.25 504.07
408.29 504.88
408.49 516.81
408.49 516.81


# TH (283)
646.04 472.92
648.84 476.52
648.84 480.90
649.81 481.39
654.26 479.24
655.14 479.54
660.45 485.67
660.26 489.86
658.53 489.57
656.98 488.59
655.82 488.69
653.79 492.09
654.18 493.94
655.82 494.82
655.73 496.87
654.57 497.45
650.60 494.72
650.60 492.29
648.96 492.19
648.28 493.26
647.94 504.17
650.50 508.86
655.05 513.24
654.86 514.51
652.44 514.42
650.22 511.10
647.89 511.10
644.99 508.76
644.12 506.32
645.37 504.27
645.80 502.42
647.17 500.00
647.11 494.44
643.77 489.61
643.63 489.02
644.71 487.94
644.46 484.11
640.02 478.48
640.54 475.24
646.04 472.92
646.04 472.92


# TJ (284)
559.74 422.23
563.29 417.83
564.63 417.83
565.10 418.81
563.46 420.00
563.46 420.99
564.54 421.76
569.73 422.08
571.43 421.35
572.20 421.50
572.72 423.16
575.80 423.48
577.35 426.74
576.88 427.73
576.27 427.78
575.66 426.54
574.32 426.43
572.00 426.74
571.84 428.92
569.53 428.77
569.63 426.02
567.94 424.36
565.36 426.49
565.42 427.89
563.15 428.66
561.81 428.66
561.91 423.84
559.74 422.23
559.74 422.23


# TM (285)
528.33 418.56
527.79 420.83
524.21 420.83
524.21 423.91
528.06 426.45
526.87 429.93
526.87 431.54
528.47 431.81
530.59 429.00
535.38 427.93
545.62 431.81
545.75 434.62
551.46 435.16
557.84 428.46
557.04 426.31
552.79 425.38
540.83 417.61
540.29 414.80
535.77 414.80
533.77 418.55
531.78 418.55
528.33 418.56
528.33 418.56


# TN (286)
425.52 435.62
430.30 433.70
431.87 434.72
431.93 435.96
431.19 436.92
431.31 438.62
432.04 439.02
432.04 442.08
431.19 443.50
431.30 444.41
434.51 445.54
431.93 449.56
430.92 449.50
430.74 452.73
429.62 452.90
428.66 452.05
428.88 448.77
425.74 445.71
425.34 443.05
426.86 441.85
425.52 435.62
425.52 435.62


# TR (287)
472.81 421.91
470.51 420.48
469.24 419.47
467.10 420.38
467.10 420.38
465.62 424.12
467.84 423.62
469.40 422.43
472.84 423.37
470.89 425.25
465.72 425.00
463.81 427.09
463.81 428.11
465.03 429.13
465.03 430.26
464.52 431.59
465.03 432.71
466.65 431.90
468.28 433.64
467.87 434.87
467.27 435.69
468.18 436.71
472.64 437.62
475.78 436.29
475.78 434.35
477.30 434.66
480.95 436.80
484.89 436.19
486.61 434.55
487.73 434.96
487.73 436.80
489.25 436.80
490.56 434.25
502.11 433.02
507.15 432.41
505.82 430.66
505.80 428.30
506.81 427.09
503.12 424.14
503.32 421.59
501.30 421.59
497.95 419.94
497.95 419.94
496.02 421.99
488.93 421.78
484.68 419.23
480.59 419.59
476.05 422.32
472.81 421.91


# TT (288)
258.97 502.57
258.05 503.42
257.06 503.57
257.06 504.80
258.89 506.49
259.65 505.26
260.11 503.88
259.95 502.73
258.97 502.57
258.97 502.57


# TW (289)
695.69 453.76
692.63 456.09
692.46 460.59
695.11 463.67
695.76 463.09
695.69 453.76
695.69 453.76


# TZ (290)
492.22 560.02
506.02 558.33
502.62 551.76
502.44 545.47
503.54 542.46
489.17 533.43
484.67 534.18
483.10 535.34
482.97 537.97
481.95 541.63
480.90 542.88
479.38 543.02
482.19 552.44
487.01 555.28
491.20 555.38
492.22 560.02


# UA (291)
460.66 388.79
458.15 390.20
458.78 392.86
456.46 397.75
456.48 399.90
457.57 400.59
464.55 400.93
466.51 399.32
468.60 400.02
471.60 404.02
469.40 407.96
472.01 408.72
475.43 404.79
477.38 405.14
479.20 406.41
477.60 408.52
479.76 411.89
482.06 411.89
483.24 409.64
485.68 409.15
485.75 407.32
481.22 406.62
481.36 404.66
485.75 404.66
490.49 400.86
492.58 399.04
492.92 393.28
483.59 392.45
479.76 387.04
477.11 386.14
473.91 386.27
472.46 389.84
465.89 389.93
463.76 388.95
460.66 388.79
460.66 388.79


# UG (292)
480.31 532.23
482.93 534.68
484.57 533.64
489.01 532.91
489.78 532.99
490.06 531.30
492.57 526.03
490.46 521.64
483.62 521.68
483.58 523.49
484.50 524.37
484.36 526.18
480.31 532.23
480.31 532.23


# US (293)
143.59 375.99
142.72 379.46
139.71 377.51
138.20 377.51
137.34 381.20
126.78 404.85
129.58 425.46
133.03 427.19
133.68 432.84
140.79 432.84
147.68 438.04
161.24 439.35
162.74 446.29
164.89 447.81
167.91 444.78
170.28 445.86
172.43 455.83
176.09 458.22
179.10 452.57
188.36 445.85
194.39 448.66
199.56 449.10
199.77 445.85
210.53 446.07
212.69 448.45
213.12 453.87
211.83 456.90
213.33 462.11
216.57 462.11
219.80 457.12
218.51 454.74
217.22 449.53
219.16 443.67
227.99 436.08
234.66 434.13
233.79 427.84
243.05 417.85
252.31 416.33
250.81 411.14
259.85 405.93
259.85 398.99
258.98 398.56
255.75 399.64
255.32 403.89
244.57 404.02
236.15 409.62
222.94 413.94
220.83 411.35
226.83 402.28
223.86 399.45
221.85 395.61
217.67 392.26
213.14 391.88
204.56 386.03
143.59 375.99
143.59 375.99


# US (294)
74.79 285.23
77.78 290.83
79.70 290.40
79.70 288.46
74.79 285.23
74.79 285.23


# US (295)
57.93 334.43
57.78 337.03
59.65 336.60
59.65 335.44
57.93 334.43
57.93 334.43


# US (296)
55.06 335.59
51.32 337.47
51.90 339.49
53.34 338.34
56.21 337.03
55.06 335.59
55.06 335.59


# US (297)
39.54 338.04
36.96 337.46
36.53 338.62
36.81 340.79
39.54 338.04
39.54 338.04


# US (298)
34.08 337.90
31.63 336.89
30.77 338.48
32.35 340.07
34.08 337.90
34.08 337.90


# US (299)
95.49 277.92
88.23 279.64
89.73 287.81
97.62 289.96
98.04 291.68
86.31 295.34
79.70 306.30
82.04 317.91
85.88 320.48
88.87 317.69
89.73 319.41
86.10 323.71
72.02 330.16
63.05 332.31
62.84 335.53
83.53 329.52
92.06 327.15
99.95 317.47
108.70 311.67
104.22 319.20
109.13 319.84
117.46 316.19
118.95 322.20
124.71 323.49
130.68 329.29
131.11 333.59
130.25 334.66
131.32 338.74
132.81 338.74
133.03 331.86
134.73 331.86
135.15 348.83
139.43 345.18
136.43 327.55
131.96 327.55
127.05 321.32
151.15 280.48
127.26 261.78
100.60 266.94
99.53 275.11
105.29 278.55
103.15 284.14
95.49 277.92
95.49 277.92


# UY (300)
274.63 612.48
272.86 614.38
273.59 624.56
279.16 626.17
286.24 619.08
274.63 612.48
274.63 612.48


# UZ (301)
558.64 428.48
561.30 428.61
561.30 424.06
558.78 422.59
563.04 417.23
564.77 417.23
566.49 419.25
571.02 417.51
564.77 415.36
564.52 414.07
563.04 414.43
561.58 416.97
555.28 416.76
550.65 410.22
542.53 411.02
538.65 407.19
533.30 406.28
529.40 407.86
531.66 415.36
531.69 417.89
533.33 417.92
535.34 414.08
540.70 414.15
541.50 417.10
552.98 424.72
557.43 425.74
558.64 428.48
558.64 428.48


# VC (302)
258.82 496.58
257.76 497.35
258.60 498.89
259.97 498.12
258.82 496.58
258.82 496.58


# VC (303)
257.53 499.57
256.53 500.57
256.91 501.18
258.13 501.18
258.51 500.18
257.53 499.57
257.53 499.57


# VE (304)
231.50 503.56
231.88 505.80
234.69 506.69
235.33 502.57
238.29 499.50
241.26 502.97
248.08 504.83
253.85 503.62
257.79 508.47
260.75 510.33
257.50 515.28
258.59 519.03
256.73 521.33
254.80 522.95
250.63 520.85
249.67 521.81
249.67 524.80
252.72 526.26
250.47 528.69
248.23 531.12
245.26 530.87
242.28 527.60
241.65 515.27
231.47 511.80
229.62 506.38
231.50 503.56
231.50 503.56


# VN (305)
659.03 502.29
660.06 503.90
660.25 505.75
662.96 506.05
666.24 501.67
669.34 500.79
670.98 496.31
670.21 489.11
667.02 484.72
663.66 482.03
659.38 474.68
662.45 469.55
658.06 464.51
654.54 464.36
651.37 466.06
652.32 470.13
656.54 470.87
657.67 474.01
656.18 474.98
656.28 475.76
666.17 485.44
666.56 488.28
665.97 497.27
659.03 502.29
659.03 502.29


# VU (306)
811.01 582.48
809.93 583.91
810.39 585.53
810.92 585.89
811.90 584.63
811.01 582.48
811.01 582.48


# VU (307)
811.54 586.88
811.63 588.05
812.79 588.41
813.59 587.96
812.79 586.70
811.54 586.88
811.54 586.88


# VU (308)
813.24 597.30
812.70 598.11
813.50 599.01
814.84 598.56
813.24 597.30
813.24 597.30


# YE (309)
509.43 489.13
510.68 492.83
510.68 496.44
513.67 499.16
534.74 490.57
534.94 488.22
531.56 482.15
523.08 484.85
518.21 489.64
512.57 486.31
509.43 489.13
509.43 489.13


# YE (310)
533.32 498.14
535.16 500.20
537.65 498.69
538.54 498.39
537.40 497.28
535.21 497.93
533.32 498.14
533.32 498.14


# ZA (311)
476.73 588.02
469.90 594.33
468.28 598.23
462.87 597.55
458.36 601.56
455.37 601.26
455.61 595.73
454.55 595.36
453.81 606.67
448.50 606.62
446.90 604.74
444.56 604.71
446.69 610.84
450.50 614.45
447.78 617.62
449.55 621.59
453.63 623.15
456.88 620.39
466.19 620.44
466.85 619.61
470.99 618.88
484.96 604.96
484.91 600.58
483.42 602.52
481.18 602.52
478.45 600.24
479.84 596.80
482.22 596.31
482.00 589.24
476.73 588.02
476.73 588.02


# ZM (312)
459.78 571.66
462.52 575.46
466.76 575.72
468.27 576.55
472.71 576.60
476.54 571.23
487.24 566.44
488.17 562.23
486.93 556.18
481.35 553.00
477.62 553.26
475.76 557.38
475.82 559.25
480.21 561.39
480.47 566.03
476.69 566.24
475.76 564.67
465.26 560.19
464.95 563.63
459.99 563.79
459.78 571.66
459.78 571.66


# ZW (313)
468.52 578.23
476.27 586.98
482.22 588.50
486.21 582.25
485.89 573.97
479.43 570.63
477.00 571.73
473.38 577.25
468.36 577.20
468.52 578.23
468.52 578.23


